(0,0.0)
(1,1.5888125735610845E-5)
(2,2.9391220523344354E-5)
(3,4.086705694684288E-5)
(4,5.061974152456418E-5)
(5,5.8907764621317945E-5)
(6,6.595084287305437E-5)
(7,7.193573524791714E-5)
(8,7.702118669812164E-5)
(9,8.134213026403417E-5)
(10,8.501325886262295E-5)
(11,1.0470069929669521E-4)
(12,1.0470069929669521E-4)
(13,1.0470069929669521E-4)
(14,1.0470069929669521E-4)
(15,1.0470069929669521E-4)
(16,1.0470069929669521E-4)
(17,1.0470069929669521E-4)
(18,1.0470069929669521E-4)
(19,1.0470069929669521E-4)