(7890700,6)
(3170900,6)
(752300,6)
(5963100,6)
(61300,6)
(2206800,6)
(9383500,6)
(624300,6)
(3391300,6)
(2253000,6)
(4508100,6)
(5815800,6)
(8924800,6)
(136000,6)
(10122200,6)
(226100,6)
(8951600,6)
(9199300,6)
(207200,6)
(6801900,6)
(5840900,6)
(239400,6)
(9321000,6)
(6739800,6)
(4945900,6)
(3565600,6)
(9361700,6)
(9262900,6)
(6756200,6)
(7453000,6)
(2186200,6)
(2973800,6)
(5333200,6)
(4902700,6)
(10099100,6)
(380600,6)
(9305200,6)
(677500,6)
(1819400,6)
(1047500,6)
(3111500,6)
(2186600,6)
(1460400,6)
(3911600,6)
(5737700,6)
(6700200,6)
(7988600,6)
(7547200,6)
(8811100,6)
(3453700,6)
(4668300,6)
(1433900,6)
(9296000,6)
(3292600,6)
(1705500,6)
(2535100,6)
(48900,6)
(576000,6)
(1603200,6)
(6902400,6)
(575900,6)
(6726600,6)
(7567700,6)
(3317500,6)
(164800,6)
(994700,6)
(5747600,6)
(5059300,6)
(44800,6)
(1686200,6)
(1604500,6)
(3923100,6)
(1498200,6)
(3390200,6)
(5517300,6)
(1734000,6)
(3276300,6)
(4700400,6)
(1429900,6)
(1234400,6)
(1028000,6)
(6715500,6)
(556400,6)
(2479600,6)
(1063300,6)
(290200,6)
(3358800,6)
(5000100,6)
(1429100,6)
(4228700,6)
(7109400,6)
(8949800,6)
(4805500,6)
(414700,6)
(95200,6)
(636300,6)
(4386800,6)
(2437700,6)
(225600,6)
(5716900,6)
(3049400,6)
(9133900,6)
(2070200,6)
(592000,6)
(4501800,6)
(3900000,6)
(9211100,6)
(1956400,6)
(3345200,6)
(3172100,6)
(6750800,6)
(8898700,6)
(6590700,6)
(1216100,6)
(3213400,6)
(533300,6)
(9531800,6)
(6514700,6)
(2619500,6)
(5391200,6)
(4182500,6)
(602800,6)
(3318400,6)
(2697200,6)
(3127000,6)
(1971900,6)
(9494600,6)
(6686400,6)
(388200,6)
(1896200,6)
(2317600,6)
(1439600,6)
(8792000,6)
(275500,6)
(2345100,6)
(94700,6)
(3252900,6)
(9217700,6)
(1149200,6)
(4896500,6)
(3097800,6)
(4887200,6)
(2868900,6)
(6725000,6)
(5986400,6)
(5374500,6)
(1285200,6)
(9044200,6)
(1062500,6)
(1779500,6)
(3884700,6)
(2129900,6)
(1156500,6)
(561500,6)
(7676100,6)
(1804700,6)
(9032400,6)
(684600,6)
(9119900,6)
(8684800,6)
(9163300,6)
(3174400,6)
(2454300,6)
(2445500,6)
(9118300,6)
(4285700,6)
(1750800,6)
(1928500,6)
(5570600,6)
(4129200,6)
(4174700,6)
(4937600,6)
(4553400,6)
(475900,6)
(1451000,6)
(664300,6)
(210200,6)
(8926500,6)
(191400,6)
(873700,6)
(3400500,6)
(528200,6)
(1233100,6)
(523200,6)
(125700,6)
(2107200,6)
(2492200,6)
(6538100,6)
(5993200,6)
(4447800,6)
(8844600,6)
(5578400,6)
(4891600,6)
(3270600,6)
(345300,6)
(1346100,6)
(5522800,6)
(405900,6)
(1972900,6)
(8951700,6)
(2635500,6)
(6924400,6)
(1735000,6)
(961700,6)
(4812700,6)
(9753900,6)
(10667600,6)
(1756000,6)
(1590900,6)
(1000100,6)
(4866000,6)
(5063000,6)
(2021300,6)
(9030400,6)
(2389000,6)
(4149500,6)
(1868800,6)
(6685700,6)
(4994500,6)
(3563700,6)
(5891200,6)
(705500,6)
(6802000,6)
(9003000,6)
(4867800,6)
(8965700,6)
(4977300,6)
(1680300,6)
(3362600,6)
(1908400,6)
(6860500,6)
(2416900,6)
(7643600,6)
(792700,6)
(212500,6)
(5983300,6)
(2828400,6)
(10074400,6)
(7375800,6)
(8290400,6)
(3298300,6)
(1881900,6)
(7613800,6)
(9416300,6)
(1266100,6)
(2636900,6)
(4814600,6)
(7193700,6)
(2086200,6)
(2270300,6)
(8781400,6)
(5890800,6)
(4431900,6)
(2939700,6)
(5662000,6)
(2102400,6)
(8372900,6)
(3073900,6)
(4183700,6)
(2944000,6)
(902800,6)
(7205300,6)
(6726300,6)
(3896500,6)
(1817600,6)
(6774000,6)
(3335100,6)
(300100,6)
(2121400,6)
(8362800,6)
(4459200,6)
(7106000,6)
(10841400,6)
(6848000,6)
(1511200,6)
(2941400,6)
(2283500,6)
(860100,6)
(2052500,6)
(290000,6)
(3348600,6)
(753800,6)
(4950300,6)
(3212800,6)
(3046200,6)
(3985900,6)
(2534500,6)
(9030500,6)
(5742400,6)
(1123100,6)
(6858200,6)
(1472000,6)
(470000,6)
(2143800,6)
(9565600,6)
(3061400,6)
(3359600,6)
(6045200,6)
(1754000,6)
(2151800,6)
(3473700,6)
(9148200,6)
(5765900,6)
(405100,6)
(2001300,6)
(650600,6)
(1226600,6)
(2829400,6)
(7065100,6)
(6598100,6)
(1071100,6)
(8860800,6)
(6508200,6)
(9139000,6)
(7803400,6)
(60700,6)
(6686100,6)
(1574900,6)
(3963200,6)
(1687100,6)
(2248100,6)
(964500,6)
(6553600,6)
(243500,6)
(752100,6)
(9323500,6)
(2311800,6)
(2640700,6)
(3119400,6)
(2771400,6)
(1398800,6)
(593700,6)
(224400,6)
(175800,6)
(605600,6)
(4128400,6)
(1167800,6)
(175500,6)
(9349900,6)
(4570100,6)
(9323600,6)
(1901400,6)
(3050000,6)
(9531600,6)
(1977000,6)
(2510300,6)
(2093300,6)
(745100,6)
(165000,6)
(3344500,6)
(5515400,6)
(5467900,6)
(4579100,6)
(8770100,6)
(1150300,6)
(8291800,6)
(9119500,6)
(9881900,6)
(2082600,6)
(8893500,6)
(1307400,6)
(6640000,6)
(877100,6)
(7046500,6)
(1291600,6)
(3919300,6)
(3429800,6)
(1157100,6)
(4416600,6)
(570800,6)
(9915400,6)
(4123500,6)
(82900,6)
(2425300,6)
(10098200,6)
(6883400,6)
(1764300,6)
(1302400,6)
(6699200,6)
(8977000,6)
(6564100,6)
(3140900,6)
(3617700,6)
(2886500,6)
(9156700,6)
(6809000,6)
(2487600,6)
(4080200,6)
(3045700,6)
(6728500,6)
(44900,6)
(1316600,6)
(8902600,6)
(5012500,6)
(2260700,6)
(1612800,6)
(9029400,6)
(4112600,6)
(8923400,6)
(400900,6)
(1982800,6)
(1557500,6)
(6788000,6)
(3824300,6)
(2635100,6)
(8998000,6)
(3084500,6)
(1589400,6)
(189000,6)
(345900,6)
(2310300,6)
(2439300,6)
(4793400,6)
(8944700,6)
(954300,6)
(635500,6)
(1074700,6)
(2169100,6)
(1821300,6)
(2624700,6)
(5516800,6)
(551800,6)
(5364500,6)
(9329900,6)
(5730700,6)
(8035100,6)
(8939200,6)
(455100,6)
(220300,6)
(6780800,6)
(4479300,6)
(257600,6)
(6893900,6)
(9358300,6)
(6934200,6)
(1764900,6)
(4082500,6)
(5802500,6)
(1133300,6)
(31800,6)
(9187700,6)
(2063900,6)
(1375900,6)
(1344100,6)
(547800,6)
(7059700,6)
(739800,6)
(9189100,6)
(5601400,6)
(3454000,6)
(9448500,6)
(8916900,6)
(8905500,6)
(3401900,6)
(1756200,6)
(956700,6)
(4965200,6)
(3298600,6)
(3388300,6)
(184800,6)
(9830100,6)
(1770100,6)
(59000,6)
(9471200,6)
(7541200,6)
(1393900,6)
(3372600,6)
(223700,6)
(7410000,6)
(1712800,6)
(9113800,6)
(7580200,6)
(4207400,6)
(9402300,6)
(3221700,6)
(9196400,6)
(6537500,6)
(5473100,6)
(4907000,6)
(8900100,6)
(958800,6)
(6589100,6)
(6807700,6)
(2871200,6)
(4184300,6)
(1672300,6)
(7046600,6)
(9269000,6)
(490600,6)
(8292500,6)
(5949000,6)
(601400,6)
(223600,6)
(8852300,6)
(3359300,6)
(7381100,6)
(2187200,6)
(763200,6)
(8828700,6)
(562900,6)
(1043900,6)
(8938200,6)
(200100,6)
(1392700,6)
(2201100,6)
(996400,6)
(6630900,6)
(9431400,6)
(1584200,6)
(3264200,6)
(9984800,6)
(5406000,6)
(390300,6)
(1686000,6)
(2602600,6)
(1040800,6)
(2282600,6)
(2809800,6)
(5688200,6)
(2188700,6)
(2802200,6)
(274100,6)
(564100,6)
(2160800,6)
(570700,6)
(201300,6)
(670600,6)
(1950800,6)
(3377600,6)
(2291500,6)
(5494800,6)
(541400,6)
(2140800,6)
(1358900,6)
(9322700,6)
(1299500,6)
(6729100,6)
(2132200,6)
(9677700,6)
(9784300,6)
(4723000,6)
(268200,6)
(950100,6)
(7035300,6)
(927800,6)
(5471200,6)
(6707400,6)
(4905700,6)
(1069700,6)
(1042800,6)
(3010100,6)
(2883300,6)
(2336300,6)
(2611800,6)
(721200,6)
(2938600,6)
(2427000,6)
(3363100,6)
(2463700,6)
(248500,6)
(6628700,6)
(1739800,6)
(10051700,6)
(9139700,6)
(2509500,6)
(6814800,6)
(4529400,6)
(1679300,6)
(868100,6)
(7076900,6)
(3340100,6)
(9153100,6)
(1819900,6)
(87900,6)
(509000,6)
(627000,6)
(6756300,6)
(21500,6)
(10347500,6)
(4492800,6)
(10136100,6)
(425400,6)
(6704700,6)
(2313600,6)
(7291200,6)
(7141700,6)
(9773400,6)
(3408800,6)
(5682300,6)
(725600,6)
(4403700,6)
(1175700,6)
(482900,6)
(2264300,6)
(9065400,6)
(1778800,6)
(595200,6)
(1371500,6)
(1562300,6)
(1019000,6)
(9550800,6)
(7264300,6)
(5411700,6)
(4272500,6)
(2685500,6)
(9061900,6)
(2713900,6)
(8261100,6)
(1062100,6)
(8035400,6)
(10028400,6)
(2001600,6)
(1620000,6)
(381800,6)
(1026000,6)
(653900,6)
(9088700,6)
(418100,6)
(5734300,6)
(5956300,6)
(2716600,6)
(553100,6)
(2053500,6)
(1210500,6)
(2646400,6)
(9780200,6)
(624700,6)
(9010000,6)
(1203700,6)
(489700,6)
(1507300,6)
(6587500,6)
(568500,6)
(6540200,6)
(2332100,6)
(879600,6)
(5806700,6)
(2633800,6)
(4414800,6)
(126800,6)
(6635200,6)
(4978000,6)
(9071300,6)
(4198000,6)
(1904000,6)
(6600700,6)
(8814200,6)
(1391100,6)
(1460300,6)
(901700,6)
(6602700,6)
(962700,6)
(6583300,6)
(2516700,6)
(94100,6)
(649600,6)
(6754200,6)
(8808700,6)
(6814200,6)
(4794300,6)
(1295300,6)
(6758000,6)
(1072600,6)
(9561100,6)
(2937900,6)
(2194500,6)
(3347900,6)
(3202900,6)
(1285000,6)
(8912400,6)
(6634100,6)
(9971000,6)
(6799300,6)
(3382900,6)
(7086000,6)
(3458700,6)
(3344600,6)
(6803200,6)
(7254900,6)
(2131800,6)
(4948900,6)
(561800,6)
(1630600,6)
(1535500,6)
(3378300,6)
(700000,6)
(3517300,6)
(1331300,6)
(1414000,6)
(9890000,6)
(7124700,6)
(5515700,6)
(8779700,6)
(3646900,6)
(1528200,6)
(5476500,6)
(139800,6)
(1503500,6)
(140300,6)
(4790000,6)
(200200,6)
(1186200,6)
(402300,6)
(5517600,6)
(9448000,6)
(4043500,6)
(1526400,6)
(2079000,6)
(9053600,6)
(5516500,6)
(8252900,6)
(9591200,6)
(1437800,6)
(5379500,6)
(384300,6)
(8452700,6)
(4873000,6)
(6924200,6)
(4821700,6)
(9776400,6)
(6933200,6)
(2060000,6)
(3450100,6)
(840600,6)
(9848100,6)
(939300,6)
(3554300,6)
(1813200,6)
(951200,6)
(5346300,6)
(4126800,6)
(3406200,6)
(8836600,6)
(9097200,6)
(8911300,6)
(2345800,6)
(8447800,6)
(2711000,6)
(6685800,6)
(2534700,6)
(1507600,6)
(415500,6)
(2906100,6)
(3294600,6)
(1653400,6)
(1139800,6)
(1704700,6)
(8802500,6)
(6563900,6)
(2900100,6)
(1219500,6)
(9595500,6)
(4216800,6)
(4209100,6)
(4983700,6)
(3986600,6)
(9304000,6)
(9285900,6)
(6801800,6)
(3334100,6)
(4900,6)
(3356500,6)
(515100,6)
(1586300,6)
(2221900,6)
(4530500,6)
(4184900,6)
(2360700,6)
(146200,6)
(9150400,6)
(386200,6)
(6915600,6)
(5731200,6)
(3571000,6)
(1868600,6)
(6693200,6)
(3920300,6)
(1716600,6)
(7116200,6)
(10086100,6)
(44600,6)
(9153000,6)
(1157400,6)
(2847200,6)
(8824400,6)
(1169100,6)
(1496800,6)
(4415300,6)
(1370900,6)
(5492600,6)
(9287100,6)
(2286100,6)
(3202700,6)
(280800,6)
(7039100,6)
(1212800,6)
(2274200,6)
(4831800,6)
(3899600,6)
(3380100,6)
(1067400,6)
(9246700,6)
(3344000,6)
(8784300,6)
(6883700,6)
(9008900,6)
(4994400,6)
(293700,6)
(2104400,6)
(4080300,6)
(4941000,6)
(660700,6)
(108700,6)
(238800,6)
(3410400,6)
(6857500,6)
(407500,6)
(1709200,6)
(5798400,6)
(4000400,6)
(6747400,6)
(4402200,6)
(3097200,6)
(1935200,6)
(3091700,6)
(8783500,6)
(4821800,6)
(2125900,6)
(5737400,6)
(4025900,6)
(457100,6)
(624900,6)
(4978600,6)
(9126200,6)
(9373400,6)
(2661000,6)
(991200,6)
(551200,6)
(8593600,6)
(7818000,6)
(4325900,6)
(9247600,6)
(27600,6)
(3118600,6)
(8864700,6)
(1283300,6)
(2111200,6)
(589500,6)
(9691700,6)
(4386200,6)
(1929700,6)
(7062600,6)
(3004700,6)
(2360900,6)
(1613100,6)
(1558900,6)
(3428500,6)
(9157000,6)
(4158400,6)
(1951000,6)
(3475500,6)
(385400,6)
(4228400,6)
(2341600,6)
(5057600,6)
(9069500,6)
(6614500,6)
(5980600,6)
(4218000,6)
(6576400,6)
(10035100,6)
(7735800,6)
(2634300,6)
(2051500,6)
(2345600,6)
(366600,6)
(9458600,6)
(4804900,6)
(1070900,6)
(1432800,6)
(9529300,6)
(9338000,6)
(4141000,6)
(1439300,6)
(8838800,6)
(9588900,6)
(5497600,6)
(571600,6)
(650400,6)
(5768800,6)
(3354000,6)
(6860200,6)
(9646600,6)
(9491500,6)
(9266100,6)
(4166400,6)
(2473600,6)
(1828700,6)
(4064500,6)
(8898800,6)
(10750700,6)
(2767700,6)
(3192200,6)
(3195900,6)
(6695600,6)
(1943400,6)
(4181300,6)
(3140600,6)
(1283500,6)
(407600,6)
(1543800,6)
(5513800,6)
(9219200,6)
(4682000,6)
(2952600,6)
(9495800,6)
(3345300,6)
(2310500,6)
(8835000,6)
(4082400,6)
(7226200,6)
(2897200,6)
(2192300,6)
(65700,6)
(154800,6)
(1821600,6)
(9167200,6)
(5732300,6)
(6736600,6)
(2070600,6)
(64400,6)
(4440000,6)
(115700,6)
(8972600,6)
(907600,6)
(129200,6)
(6630700,6)
(3401600,6)
(3488000,6)
(5561800,6)
(4179400,6)
(3016500,6)
(2670500,6)
(958600,6)
(9114200,6)
(1578600,6)
(9375200,6)
(2332200,6)
(6898400,6)
(1359400,6)
(3360900,6)
(925000,6)
(8728300,6)
(2208000,6)
(8978100,6)
(6866400,6)
(850800,6)
(3264400,6)
(2898200,6)
(10033600,6)
(3438600,6)
(1431100,6)
(1236200,6)
(5525000,6)
(9236000,6)
(1143600,6)
(220000,6)
(2470000,6)
(10095700,6)
(616600,6)
(1023200,6)
(9530500,6)
(1836000,6)
(3062600,6)
(1311500,6)
(7037100,6)
(6815900,6)
(8806700,6)
(4198400,6)
(8967200,6)
(6644300,6)
(224500,6)
(1062000,6)
(3373300,6)
(1154400,6)
(1570300,6)
(2124500,6)
(1609700,6)
(8768200,6)
(4665000,6)
(2082000,6)
(9443500,6)
(41100,6)
(9610300,6)
(1331400,6)
(6884000,6)
(560800,6)
(4527000,6)
(7125000,6)
(10987700,6)
(4851500,6)
(242900,6)
(187000,6)
(2803600,6)
(4809500,6)
(2674200,6)
(1668900,6)
(3385900,6)
(2704800,6)
(7571000,6)
(5485900,6)
(1951200,6)
(1928200,6)
(2060200,6)
(7046700,6)
(314100,6)
(1863200,6)
(4608400,6)
(10294500,6)
(433200,6)
(896100,6)
(4984800,6)
(10390200,6)
(394700,6)
(2576600,6)
(4216700,6)
(9884800,6)
(6746400,6)
(869800,6)
(6859600,6)
(2395500,6)
(2516400,6)
(2965800,6)
(2772900,6)
(7401100,6)
(9125400,6)
(5709800,6)
(564500,6)
(1778900,6)
(10713800,6)
(7122900,6)
(39500,6)
(1347900,6)
(4450100,6)
(2314500,6)
(10072400,6)
(2042600,6)
(2608600,6)
(4389500,6)
(1057300,6)
(1842600,6)
(10428700,6)
(2779500,6)
(7612700,6)
(3914100,6)
(615600,6)
(8771400,6)
(4485200,6)
(4664500,6)
(7108500,6)
(1529700,6)
(2104200,6)
(6744900,6)
(738500,6)
(1585000,6)
(2666900,6)
(8861200,6)
(1732600,6)
(1906400,6)
(386600,6)
(102000,6)
(8820300,6)
(10141000,6)
(5711900,6)
(658600,6)
(2036400,6)
(1385300,6)
(5359700,6)
(4080800,6)
(2622800,6)
(2099600,6)
(8892500,6)
(1097400,6)
(1437200,6)
(3413500,6)
(10574500,6)
(4147600,6)
(6712800,6)
(6935500,6)
(6940200,6)
(10074500,6)
(1470200,6)
(1781300,6)
(3994600,6)
(136400,6)
(343500,6)
(2171900,6)
(2886200,6)
(2717700,6)
(1176900,6)
(1370600,6)
(2462600,6)
(7437700,6)
(9038800,6)
(445000,6)
(273400,6)
(1042700,6)
(210900,6)
(419900,6)
(2387700,6)
(398100,6)
(2131500,6)
(9103300,6)
(3121500,6)
(1733000,6)
(8939000,6)
(1638500,6)
(1870500,6)
(1024700,6)
(4413900,6)
(2164300,6)
(726100,6)
(5927300,6)
(6787100,6)
(2359700,6)
(4081000,6)
(1899900,6)
(1143800,6)
(1814600,6)
(1734400,6)
(978900,6)
(747500,6)
(1357300,6)
(2960000,6)
(7050700,6)
(6563700,6)
(512400,6)
(4544700,6)
(4421200,6)
(557600,6)
(6515900,6)
(1513200,6)
(6598500,6)
(9372600,6)
(4820100,6)
(6712300,6)
(834000,6)
(1008700,6)
(100,6)
(2006300,6)
(1613200,6)
(507400,6)
(2329400,6)
(1423000,6)
(256100,6)
(3044300,6)
(5411400,6)
(3918700,6)
(9802500,6)
(1386800,6)
(8309200,6)
(1943900,6)
(1151100,6)
(580500,6)
(228600,6)
(189800,6)
(9452600,6)
(1101800,6)
(2129700,6)
(2097500,6)
(1937800,6)
(6582000,6)
(7033500,6)
(386000,6)
(2618300,6)
(6700900,6)
(9046900,6)
(2641000,6)
(9143700,6)
(5765400,6)
(9401200,6)
(3100100,6)
(5661000,6)
(1905800,6)
(5982500,6)
(931900,6)
(1022700,6)
(4993200,6)
(3635800,6)
(4672300,6)
(9283600,6)
(917200,6)
(6644900,6)
(1684200,6)
(3067200,6)
(8874300,6)
(2444400,6)
(7033100,6)
(3598800,6)
(3413600,6)
(6798400,6)
(748200,6)
(464300,6)
(9514200,6)
(113100,6)
(1689200,6)
(7215000,6)
(1764200,6)
(6813100,6)
(3793600,6)
(8857400,6)
(3917300,6)
(1853300,6)
(6889900,6)
(1503200,6)
(2263400,6)
(7093500,6)
(4893800,6)
(6722200,6)
(6834800,6)
(9233500,6)
(3376500,6)
(722800,6)
(730800,6)
(433500,6)
(930600,6)
(663300,6)
(2800100,6)
(7387100,6)
(10051100,6)
(3931600,6)
(5761400,6)
(1587300,6)
(416100,6)
(3472800,6)
(9048100,6)
(134000,6)
(7577600,6)
(2119600,6)
(2784800,6)
(6901900,6)
(3924800,6)
(2603800,6)
(8043400,6)
(1580000,6)
(1749600,6)
(1131800,6)
(1845700,6)
(3094300,6)
(6755000,6)
(3468100,6)
(9245800,6)
(2613400,6)
(1874300,6)
(2522200,6)
(3189800,6)
(1823500,6)
(1335700,6)
(8806100,6)
(1521700,6)
(2473700,6)
(2899800,6)
(4236600,6)
(270800,6)
(9240700,6)
(547000,6)
(2325500,6)
(669300,6)
(3179500,6)
