(2076000,33)
(2456900,33)
(135900,33)
(402700,33)
(2274100,33)
(1639400,33)
(628800,33)
(4134700,33)
(68700,33)
(2150400,33)
(1849800,33)
(6629900,33)
(239300,33)
(4194100,33)
(9414900,33)
(2377300,33)
(5456200,33)
(15000,33)
(3322300,33)
(696000,33)
(1849100,33)
(1674600,33)
(4189000,33)
(3368400,33)
(5819200,33)
(33500,33)
(2695400,33)
(668000,33)
(249600,33)
(196800,33)
(5464600,33)
(6565000,33)
(1225500,33)
(2942400,33)
(98500,33)
(6630200,33)
(3279400,33)
(4891900,33)
(9876200,33)
(3394200,33)
(241800,33)
(1515700,33)
(1600,33)
(2519300,33)
(683900,33)
(8810100,33)
(1342700,33)
(1052600,33)
(5736200,33)
(8961100,33)
(2080300,33)
(227200,33)
(927600,33)
(1014200,33)
(9094200,33)
(2621900,33)
(2067000,33)
(8821500,34)
(2765600,34)
(2366500,34)
(8903600,34)
(1435300,34)
(6626200,34)
(931800,34)
(927900,34)
(3406400,34)
(4192200,34)
(744400,34)
(226200,34)
(226900,34)
(723100,34)
(2281900,34)
(1472800,34)
(3434500,34)
(285300,34)
(4936600,34)
(8826200,34)
(5804100,34)
(2069700,34)
(912800,34)
(406900,34)
(502800,34)
(1509600,34)
(6707200,34)
(529700,34)
(3404100,34)
(667100,34)
(220400,34)
(10500,34)
(422600,34)
(2906200,34)
(43400,34)
(1525100,34)
(5737000,34)
(1700,34)
(156900,34)
(240200,34)
(2946900,34)
(4827500,34)
(640200,34)
(914500,34)
(3400300,34)
(1386600,34)
(2809000,34)
(3088100,34)
(3353700,34)
(550300,34)
(248200,34)
(5003000,34)
(533500,34)
(734900,34)
(199100,34)
(382700,34)
(627900,34)
(4124200,34)
(607500,34)
(8904700,34)
(1965600,34)
(28400,35)
(926400,35)
(901100,35)
(1293000,35)
(864700,35)
(1382900,35)
(707300,35)
(65100,35)
(4187600,35)
(6579200,35)
(252400,35)
(2396500,35)
(6525500,35)
(453300,35)
(932900,35)
(622200,35)
(1562000,35)
(4398200,35)
(1443200,35)
(6752800,35)
(2306700,35)
(604500,35)
(611300,35)
(1698100,35)
(3899500,35)
(4417300,35)
(1036600,35)
(3368500,35)
(4230200,35)
(445500,35)
(113200,35)
(252500,35)
(1568000,35)
(5473800,35)
(285600,35)
(8789800,35)
(929000,35)
(7400,35)
(50200,35)
(2883700,35)
(8854100,35)
(5493400,35)
(134400,35)
(2701600,35)
(1918800,35)
(108200,35)
(4453500,35)
(1284800,35)
(1552900,35)
(1286100,35)
(456400,35)
(209900,35)
(61500,35)
(1708500,35)
(1703700,35)
(4409300,35)
(6602100,35)
(6563400,35)
(2714000,35)
(1322300,35)
(1345800,35)
(3020800,35)
(591100,35)
(1798200,35)
(1773400,35)
(1200,36)
(602300,36)
(1514900,36)
(1095200,36)
(3154100,36)
(5808300,36)
(1502200,36)
(2299500,36)
(8786600,36)
(5100,36)
(444100,36)
(8986700,36)
(561600,36)
(77900,36)
(433600,36)
(5736800,36)
(2963400,36)
(27800,36)
(97300,36)
(8766500,36)
(9100,36)
(6565900,36)
(71300,36)
(2256700,36)
(889300,36)
(2426200,36)
(8838700,36)
(1498500,36)
(3592700,36)
(4211900,36)
(196400,36)
(8856100,36)
(928600,36)
(2080800,36)
(477300,36)
(8829500,36)
(1205300,36)
(1331000,36)
(629800,36)
(2419100,36)
(3087300,36)
(8785800,36)
(4185700,36)
(450800,36)
(1221700,36)
(4344300,36)
(457200,36)
(1474000,36)
(1165700,36)
(8906000,36)
(1501600,36)
(3201200,36)
(1908200,36)
(93200,36)
(8814800,36)
(726300,36)
(10000,36)
(4009200,36)
(1314800,36)
(914600,36)
(4199100,36)
(3904300,36)
(8977200,36)
(1526000,36)
(1510100,36)
(234800,36)
(1713700,37)
(3376200,37)
(2661700,37)
(16100,37)
(6584200,37)
(939500,37)
(6524700,37)
(1668200,37)
(1497600,37)
(5417500,37)
(1367500,37)
(1022200,37)
(122400,37)
(1849300,37)
(2071700,37)
(654800,37)
(1873400,37)
(6584400,37)
(1506100,37)
(1506800,37)
(738000,37)
(8867100,37)
(1280500,37)
(4391000,37)
(591700,37)
(1906000,37)
(1231000,37)
(3392400,37)
(4985900,37)
(1375400,37)
(534800,37)
(388500,37)
(3292900,37)
(6899200,37)
(294300,37)
(4137600,37)
(1603600,37)
(6579500,37)
(150200,37)
(6524300,37)
(1955900,37)
(1584800,37)
(1094700,37)
(4690300,37)
(2273800,37)
(2906000,37)
(1480300,37)
(1428800,37)
(1905700,37)
(7456600,37)
(5611300,37)
(1576800,37)
(146400,37)
(295400,37)
(263000,37)
(186100,37)
(3579800,37)
(1100400,37)
(4188200,37)
(1498000,37)
(8827600,38)
(1981900,38)
(4416900,38)
(5474400,38)
(2102000,38)
(3421600,38)
(1228200,38)
(1228000,38)
(3330800,38)
(1219300,38)
(444600,38)
(224100,38)
(4195400,38)
(2347800,38)
(3085700,38)
(25200,38)
(4959300,38)
(1348500,38)
(4691100,38)
(3001500,38)
(1956300,38)
(46400,38)
(4554900,38)
(1279600,38)
(252600,38)
(1161900,38)
(2256600,38)
(8770400,38)
(386700,38)
(1948000,38)
(1458500,38)
(3837400,38)
(287200,38)
(3489000,38)
(224700,38)
(1321700,38)
(5513100,38)
(2291900,38)
(879300,38)
(2471200,38)
(62500,38)
(673800,38)
(6530900,38)
(11500,38)
(150500,38)
(4328400,38)
(1122200,38)
(546800,38)
(2807300,38)
(1070500,38)
(2075500,38)
(2599800,38)
(4192600,38)
(8827700,38)
(1780900,38)
(403600,39)
(1852900,39)
(643700,39)
(5819100,39)
(1195200,39)
(9004500,39)
(907300,39)
(5891600,39)
(569500,39)
(1347200,39)
(2467700,39)
(1483000,39)
(4666200,39)
(6530300,39)
(1704900,39)
(91200,39)
(112200,39)
(298500,39)
(402500,39)
(2051200,39)
(2884300,39)
(3394000,39)
(1211800,39)
(201700,39)
(419200,39)
(135200,39)
(2521200,39)
(1852600,39)
(6857300,39)
(1778600,39)
(1062300,39)
(4190900,39)
(653800,39)
(1011500,39)
(6532300,39)
(1238900,39)
(2615900,39)
(456300,39)
(8963300,39)
(3085100,39)
(3381600,39)
(1446300,39)
(5987900,39)
(1443100,39)
(8638800,39)
(1063500,39)
(81800,39)
(536800,39)
(113900,39)
(1533300,39)
(3224500,39)
(2114200,39)
(2044900,39)
(4966300,39)
(42100,39)
(7102700,39)
(3500,39)
(6599700,39)
(1197600,39)
(2525500,39)
(447700,39)
(8853200,39)
(2662200,39)
(1684500,39)
(2843000,39)
(117900,39)
(2060900,39)
(1601800,39)
(4193500,40)
(248700,40)
(378500,40)
(951300,40)
(2532400,40)
(20200,40)
(64700,40)
(114500,40)
(8822700,40)
(1679800,40)
(118000,40)
(1047000,40)
(6532400,40)
(2055700,40)
(203400,40)
(870500,40)
(6557600,40)
(851500,40)
(8919600,40)
(654700,40)
(9071900,40)
(415300,40)
(1873300,40)
(3926600,40)
(197600,40)
(1957300,40)
(3354900,40)
(4882200,40)
(8822200,40)
(1849700,40)
(677300,40)
(1850200,40)
(3382500,40)
(1713500,40)
(4410200,40)
(6577000,40)
(6748600,40)
(1498100,40)
(113400,40)
(1326100,40)
(188900,40)
(8829900,40)
(3085400,40)
(2138100,40)
(1921000,40)
(3667900,40)
(1073700,40)
(80200,40)
(1061100,40)
(5417600,40)
(36200,40)
(671500,40)
(2007400,40)
(1852000,41)
(407000,41)
(1232100,41)
(48400,41)
(5479300,41)
(10066300,41)
(153400,41)
(1087200,41)
(375500,41)
(5712200,41)
(1491300,41)
(227100,41)
(4191400,41)
(4976000,41)
(4194600,41)
(4415400,41)
(2799600,41)
(9170700,41)
(674100,41)
(1758500,41)
(4786900,41)
(160500,41)
(1515300,41)
(8795700,41)
(238700,41)
(54100,41)
(1057600,41)
(1503300,41)
(1293700,41)
(1308400,41)
(8770800,41)
(8936000,41)
(107000,41)
(79000,41)
(3386800,41)
(789300,41)
(1644000,41)
(1311100,41)
(953100,41)
(4005600,41)
(601000,41)
(377800,41)
(3032600,41)
(45500,41)
(1363900,41)
(1228300,41)
(1851500,41)
(186500,41)
(4229700,41)
(455800,41)
(2846500,41)
(775700,41)
(1359200,41)
(8868200,42)
(629200,42)
(1021800,42)
(1910800,42)
(1961800,42)
(143300,42)
(1508400,42)
(1553500,42)
(4904200,42)
(3284400,42)
(2522700,42)
(8820500,42)
(735200,42)
(1937600,42)
(610000,42)
(1282500,42)
(2676500,42)
(2660200,42)
(1209400,42)
(2207400,42)
(1785200,42)
(3293900,42)
(4190400,42)
(3008400,42)
(2905200,42)
(92900,42)
(453400,42)
(6635800,42)
(4188800,42)
(4860500,42)
(1321800,42)
(4412900,42)
(2102900,42)
(6604900,42)
(71500,42)
(6523400,42)
(7306800,42)
(455600,42)
(200500,42)
(1675000,42)
(4417600,43)
(1497500,43)
(1504700,43)
(1849400,43)
(5737300,43)
(3087900,43)
(1061400,43)
(2107400,43)
(3386400,43)
(2523100,43)
(6589700,43)
(1314400,43)
(2005600,43)
(745000,43)
(51300,43)
(1470700,43)
(1565500,43)
(3250600,43)
(2319700,43)
(646400,43)
(8770500,43)
(3128300,43)
(6747100,43)
(4955200,43)
(259900,43)
(1147700,43)
(1230600,43)
(666000,43)
(931700,43)
(616400,43)
(5890500,43)
(738400,43)
(217600,43)
(1209200,43)
(115200,43)
(748800,43)
(5477700,43)
(77800,43)
(2960500,43)
(385700,43)
(3384300,43)
(4411300,43)
(3200,44)
(1159100,44)
(4752700,44)
(3352700,44)
(5592500,44)
(6598900,44)
(4137400,44)
(860300,44)
(1784100,44)
(1666300,44)
(5888400,44)
(3366700,44)
(2300,44)
(2452900,44)
(242000,44)
(4329300,44)
(2613700,44)
(2883600,44)
(392900,44)
(590400,44)
(1353300,44)
(4188500,44)
(8818200,44)
(257100,44)
(200300,44)
(746200,44)
(9027400,44)
(208000,44)
(8800700,44)
(1222600,44)
(1148900,44)
(4410900,44)
(2340600,44)
(42900,44)
(1314000,44)
(2318700,44)
(1502900,44)
(8819500,44)
(6616900,44)
(383200,44)
(620100,44)
(3225600,45)
(1515000,45)
(1318600,45)
(4191000,45)
(3296300,45)
(629900,45)
(444700,45)
(8909100,45)
(1073400,45)
(4231000,45)
(1106000,45)
(5374300,45)
(125500,45)
(2629400,45)
(8807600,45)
(4123400,45)
(1011700,45)
(2065300,45)
(8951000,45)
(1097200,45)
(433100,45)
(4193000,45)
(85300,45)
(2364000,45)
(1021400,45)
(2621100,45)
(3290400,45)
(422900,45)
(1634800,45)
(1503900,45)
(1288100,45)
(630200,45)
(1663700,45)
(649300,46)
(9123800,46)
(6559500,46)
(3964600,46)
(276100,46)
(1504100,46)
(1317000,46)
(2074100,46)
(9600,46)
(5891500,46)
(48600,46)
(1500600,46)
(1227400,46)
(1853400,46)
(1145700,46)
(8789100,46)
(1432300,46)
(3322500,46)
(3886300,46)
(232100,46)
(4190100,46)
(456000,46)
(3063300,46)
(8807100,46)
(8839200,46)
(440000,46)
(3087100,46)
(735000,46)
(4025300,46)
(2706800,46)
(8804500,46)
(2662500,46)
(5950100,46)
(1444300,46)
(1539600,46)
(175000,46)
(55100,46)
(1220400,46)
(299200,46)
(223900,46)
(970000,46)
(6583700,46)
(10800,46)
(2283900,46)
(8790000,46)
(6585300,46)
(3083500,46)
(8872900,46)
(4365000,46)
(2263600,47)
(9041100,47)
(3492500,47)
(1173500,47)
(2662100,47)
(5045800,47)
(1846000,47)
(1686100,47)
(2201700,47)
(8781600,47)
(208300,47)
(4675400,47)
(4190800,47)
(526200,47)
(742900,47)
(8879700,47)
(953000,47)
(1979500,47)
(93400,47)
(3574000,47)
(6604700,47)
(3596000,47)
(70500,47)
(8827800,47)
(3386300,47)
(4698900,47)
(42700,47)
(785800,47)
(4220300,47)
(430900,47)
(2058200,47)
(2889200,48)
(2514000,48)
(1645900,48)
(450200,48)
(3011200,48)
(1778500,48)
(5379800,48)
(2136000,48)
(281200,48)
(8801900,48)
(5010800,48)
(1416800,48)
(1509500,48)
(6090800,48)
(3227500,48)
(3461300,48)
(43100,48)
(1848700,48)
(8814100,48)
(1553200,48)
(6564900,48)
(1414100,48)
(4820900,48)
(6526600,48)
(8776200,48)
(2826400,49)
(881800,49)
(1553000,49)
(1471100,49)
(1202200,49)
(4118600,49)
(4891800,49)
(1376800,49)
(1096600,49)
(1106500,49)
(1371700,49)
(1983200,49)
(5351800,49)
(2661300,49)
(1386200,49)
(1165200,49)
(285700,49)
(617600,49)
(954700,49)
(134200,49)
(4935000,49)
(3047700,49)
(8792400,49)
(931100,49)
(1208200,49)
(8781000,50)
(9018100,50)
(2425200,50)
(8772700,50)
(4231100,50)
(1063000,50)
(8366600,50)
(1508600,50)
(3085000,50)
(630000,50)
(937700,50)
(620300,50)
(3085200,50)
(4966200,50)
(899500,50)
(6590200,50)
(134500,50)
(2792100,50)
(7829400,50)
(1532500,50)
(22800,50)
(2257100,50)
(3353800,50)
(253200,50)
(5992000,50)
(3503900,50)
(200700,50)
(620400,50)
(220200,50)
(485300,50)
(16300,50)
(1222300,50)
(1957200,51)
(40400,51)
(3098800,51)
(218800,51)
(861800,51)
(622800,51)
(1231100,51)
(547200,51)
(6539400,51)
(3388500,51)
(599000,51)
(779500,51)
(131800,51)
(3882800,51)
(4240000,51)
(517400,51)
(1666500,51)
(1287200,51)
(4187700,51)
(1509700,51)
(3381400,51)
(626700,51)
(2457900,51)
(5807500,51)
(4966400,51)
(499500,51)
(56000,52)
(5387200,52)
(442200,52)
(2711100,52)
(5911500,52)
(1290300,52)
(711200,52)
(76600,52)
(4675800,52)
(451500,52)
(4106300,52)
(2122700,52)
(4626500,52)
(1240800,52)
(1434500,52)
(1909900,52)
(8802800,52)
(4193800,52)
(8882200,52)
(4106400,52)
(627500,52)
(1716500,52)
(1845000,52)
(198900,52)
(480200,52)
(726400,52)
(1501200,52)
(259600,52)
(1086000,52)
(628000,52)
(613500,52)
(3011300,52)
(1490800,52)
(8796300,52)
(2627600,52)
(4684300,52)
(952800,52)
(4166900,53)
(1893100,53)
(2884400,53)
(1172400,53)
(7368100,53)
(3348900,53)
(975500,53)
(1287900,53)
(4409500,53)
(886800,53)
(2854100,53)
(3309500,53)
(370800,53)
(3565300,53)
(4191700,53)
(3387800,53)
(1439000,53)
(2323800,53)
(55600,53)
(1201400,53)
(564900,53)
(2398400,53)
(1542200,53)
(3332800,53)
(8809400,53)
(8897300,53)
(1165900,53)
(1061000,53)
(1836400,54)
(8851300,54)
(1846700,54)
(558600,54)
(7300,54)
(8600,54)
(427800,54)
(629100,54)
(726800,54)
(3011000,54)
(1191200,54)
(1849900,54)
(1514800,54)
(4416500,54)
(72000,54)
(6533200,54)
(9305100,54)
(1167200,54)
(982700,54)
(3387000,54)
(92100,54)
(80000,54)
(1147500,54)
(8821600,54)
(6528700,54)
(264300,54)
(1544600,54)
(1171800,54)
(791200,54)
(8786300,54)
(464800,54)
(227400,54)
(539700,54)
(2871500,54)
(1561900,54)
(8793600,54)
(2872400,54)
(4666100,54)
(8859000,55)
(8787600,55)
(2135600,55)
(4412100,55)
(3472700,55)
(8963400,55)
(3390400,55)
(493400,55)
(6864800,55)
(4190700,55)
(659500,55)
(472300,55)
(8850500,55)
(407700,55)
(618400,55)
(600100,55)
(1156100,55)
(2595700,55)
(1167600,55)
(265400,55)
(1502500,55)
(5914300,55)
(1223300,55)
(471300,56)
(1312000,56)
(421900,56)
(129300,56)
(1329100,56)
(1227700,56)
(89500,56)
(3411400,56)
(4415800,56)
(1515100,56)
(1007200,56)
(1060000,56)
(3353400,56)
(559100,56)
(1590700,56)
(2369000,56)
(67200,56)
(8794500,56)
(4190200,56)
(736300,56)
(8767000,56)
(2495200,56)
(2524400,56)
(1287300,56)
(3051400,56)
(4189500,56)
(29300,56)
(630100,56)
(8809200,56)
(4503700,56)
(2517000,56)
(639800,56)
(4699800,56)
(36500,56)
(4678400,56)
(2055800,56)
(1504300,56)
(421600,56)
(1505300,56)
(1377300,56)
(3933100,57)
(2661900,57)
(6524100,57)
(496200,57)
(5891100,57)
(105700,57)
(8040200,57)
(1068500,57)
(153600,57)
(1506900,57)
(1971800,57)
(4229300,57)
(4387100,57)
(8797200,57)
(9562500,57)
(2461000,57)
(280700,57)
(3192700,57)
(1852200,57)
(54700,57)
(1006000,57)
(48500,57)
(2782300,57)
(6614300,57)
(1462400,58)
(5554500,58)
(4195600,58)
(628500,58)
(63400,58)
(1565400,58)
(122200,58)
(8914500,58)
(492000,58)
(290100,58)
(3216900,58)
(6529100,58)
(2783800,58)
(2472300,58)
(217100,58)
(1314200,58)
(1379700,58)
(585500,58)
(102800,58)
(3476700,58)
(537000,58)
(3201400,59)
(1055700,59)
(647600,59)
(1205100,59)
(991700,59)
(72200,59)
(221000,59)
(8363600,59)
(191200,59)
(125300,59)
(940000,59)
(2700,59)
(6528800,59)
(4797200,59)
(1482600,59)
(7280600,59)
(1352200,59)
(5403100,59)
(1511100,59)
(8614700,59)
(1846500,59)
(665500,59)
(429200,59)
(5398500,59)
(934700,59)
(53500,59)
(135100,59)
(4013500,59)
(1508500,59)
(381700,59)
(1665200,59)
(951700,59)
(1986600,59)
(43500,60)
(14200,60)
(2938200,60)
(4150500,60)
(3061500,60)
(546900,60)
(4071000,60)
(1239700,60)
(2005800,60)
(2056700,60)
(378400,60)
(1844900,60)
(8860700,60)
(4335700,60)
(1147400,60)
(52600,60)
(16800,60)
(545500,60)
(4185200,60)
(722900,60)
(1196700,60)
(1234500,60)
(1514200,60)
(150700,60)
(1660400,60)
(293200,60)
(2167800,61)
(2344300,61)
(415400,61)
(3237300,61)
(7493600,61)
(790000,61)
(2884500,61)
(617500,61)
(517900,61)
(1847700,61)
(1936300,61)
(93900,61)
(6537400,61)
(4106500,61)
(56600,61)
(3412000,61)
(1499400,61)
(8977900,61)
(6602800,61)
(2538300,61)
(8110800,61)
(2661800,61)
(293000,61)
(4836000,61)
(136500,61)
(201800,61)
(1498900,61)
(4691700,61)
(249100,62)
(1704200,62)
(932200,62)
(71200,62)
(4692900,62)
(69300,62)
(291900,62)
(8825200,62)
(685100,62)
(1088700,62)
(219300,62)
(2467900,62)
(1448900,62)
(2167000,62)
(1786800,62)
(65200,62)
(259500,63)
(3385300,63)
(117700,63)
(2068800,63)
(630300,63)
(604200,63)
(621200,63)
(708500,63)
(119600,63)
(281700,63)
(1292700,63)
(2972700,64)
(4898900,64)
(4197900,64)
(1008000,64)
(3356200,64)
(1239100,64)
(1634100,64)
(262400,64)
(8820000,64)
(217200,64)
(8869000,64)
(1507400,64)
(5473900,64)
(857300,64)
(558800,64)
(1959600,64)
(633400,64)
(1846900,64)
(132400,64)
(658400,64)
(1552800,64)
(1847300,64)
(118900,65)
(1581100,65)
(897100,65)
(445100,65)
(8784200,65)
(3905200,65)
(186600,65)
(5476400,65)
(196200,65)
(8967600,65)
(2109200,65)
(1891800,65)
(1293300,65)
(8331400,65)
(264700,65)
(113800,65)
(10103200,65)
(3223500,65)
(112400,65)
(594200,65)
(930400,65)
(219200,65)
(1161400,65)
(8771300,65)
(918600,66)
(2884200,66)
(3331900,66)
(1497000,66)
(679700,66)
(430800,66)
(497000,66)
(1955300,66)
(8771100,66)
(1517000,66)
(3146000,66)
(1012000,66)
(191000,66)
(5882700,66)
(1951500,66)
(1154700,66)
(381200,66)
(8912900,66)
(1527000,66)
(219100,66)
(1321300,66)
(257900,66)
(284400,66)
(1455300,66)
(1393200,66)
(144800,66)
(4992000,66)
(391600,66)
(206800,67)
(1971000,67)
(463900,67)
(754100,67)
(504900,67)
(1873900,67)
(47500,67)
(3345700,67)
(1089300,67)
(1514600,67)
(1502000,67)
(673700,67)
(1966300,67)
(223100,67)
(3085800,67)
(1238500,67)
(1505800,67)
(1455000,67)
(409000,67)
(1017800,67)
(1235700,67)
(5758400,68)
(2284300,68)
(286400,68)
(553900,68)
(619400,68)
(1016500,68)
(23800,68)
(37800,68)
(1189100,68)
(629500,68)
(408000,68)
(97500,68)
(3097600,68)
(1012100,68)
(1574300,68)
(67000,69)
(1231900,69)
(4197500,69)
(1504400,69)
(1824700,69)
(2053800,69)
(405400,69)
(131900,69)
(4196300,69)
(71900,69)
(1073300,69)
(8797100,69)
(1003100,69)
(934800,69)
(443500,69)
(456500,69)
(3394500,69)
(1314300,69)
(457300,69)
(1353400,69)
(1756600,69)
(2209300,70)
(551100,70)
(1581200,70)
(963400,70)
(2472400,70)
(1498600,70)
(2261500,70)
(517800,70)
(2770700,70)
(1711000,70)
(538900,70)
(3564900,70)
(1500500,70)
(178600,70)
(8804200,70)
(440400,70)
(216700,70)
(80600,70)
(1510500,70)
(4189400,70)
(6565700,70)
(377900,70)
(152600,70)
(1848800,70)
(484500,70)
(481000,70)
(3470900,70)
(618200,70)
(2825100,70)
(1499800,70)
(2965500,71)
(1288600,71)
(2898100,71)
(3392000,71)
(644000,71)
(5477900,71)
(2259200,71)
(4638900,71)
(1518900,71)
(1559100,71)
(1452000,71)
(602600,71)
(1030900,71)
(1283400,71)
(8769600,71)
(1317400,71)
(1851000,72)
(1850400,72)
(566800,72)
(1488800,72)
(1027300,72)
(1455600,72)
(239000,72)
(744800,72)
(4194200,72)
(5715300,72)
(4983900,72)
(621000,72)
(1813800,72)
(195800,72)
(628900,72)
(1790400,72)
(8770900,72)
(257000,72)
(928700,72)
(1517700,72)
(3885700,72)
(1849500,73)
(677000,73)
(3098900,73)
(2359600,73)
(644200,73)
(3353300,73)
(8791400,73)
(2423000,73)
(160600,73)
(5710200,73)
(6898200,73)
(3087400,73)
(485000,73)
(1150500,73)
(1146600,73)
(4411200,73)
(1705100,73)
(3434300,73)
(1845300,73)
(412100,74)
(1017600,74)
(1515900,74)
(1292300,74)
(2329300,74)
(22600,74)
(4192700,74)
(4197400,74)
(6535200,74)
(60400,74)
(153100,74)
(24600,74)
(1847000,75)
(2905500,75)
(407400,75)
(3308900,75)
(1508000,75)
(217400,75)
(42400,75)
(1529200,75)
(1290000,75)
(477600,75)
(1222700,75)
(3152800,75)
(4154100,75)
(1546900,75)
(3146600,76)
(120100,76)
(672900,76)
(2390700,76)
(507200,76)
(927100,76)
(3379800,76)
(186000,76)
(18400,76)
(939700,76)
(1043100,76)
(2686600,76)
(24300,76)
(4193700,77)
(2321600,77)
(1190000,77)
(96600,77)
(377200,77)
(506600,77)
(2563300,77)
(1305600,77)
(1325700,77)
(559300,77)
(8804300,77)
(93500,77)
(6525600,77)
(720500,77)
(2395800,77)
(1292800,77)
(160300,77)
(3296100,77)
(6936700,78)
(8765400,78)
(1459300,78)
(91700,78)
(442700,78)
(71800,78)
(3354300,78)
(8786100,78)
(885300,78)
(1507900,78)
(3576600,78)
(882000,78)
(8841400,78)
(4292000,78)
(551300,78)
(723300,79)
(463400,79)
(1846100,79)
(377600,79)
(6624300,79)
(1185600,79)
(1489700,79)
(648700,79)
(2612000,79)
(8778000,79)
(3057000,79)
(3389700,80)
(5027800,80)
(3577800,80)
(1499600,80)
(10400,80)
(7424400,80)
(217500,80)
(1815600,80)
(7826500,80)
(5673900,80)
(629600,80)
(2864900,81)
(1171700,81)
(490500,81)
(6523700,81)
(3154000,81)
(56100,81)
(732200,82)
(850000,82)
(562400,82)
(295000,82)
(3461700,82)
(220700,82)
(2090000,82)
(629000,82)
(504000,82)
(8796700,82)
(2005200,83)
(1778400,83)
(213800,83)
(890000,83)
(641500,83)
(1292900,83)
(3091500,83)
(1172000,83)
(267500,83)
(1492300,83)
(2871800,83)
(4690600,83)
(2706100,84)
(1511300,84)
(148500,84)
(5801000,84)
(2525400,84)
(4495000,84)
(5896000,84)
(16400,84)
(749000,84)
(8765100,84)
(263300,84)
(431800,85)
(719300,85)
(1201100,85)
(546600,85)
(618700,85)
(8900,85)
(1614400,85)
(188500,85)
(293600,85)
(156100,85)
(2526000,85)
(2113500,85)
(4194400,85)
(2620500,85)
(3389000,85)
(1910100,86)
(1449400,86)
(1509800,86)
(8841200,86)
(1025900,86)
(641400,86)
(53600,86)
(1154600,86)
(1199300,86)
(1849600,86)
(567700,86)
(196600,86)
(1433500,86)
(4392300,86)
(2634700,86)
(2881700,87)
(99600,87)
(1291900,87)
(84700,87)
(228400,87)
(8792900,87)
(2367500,87)
(601700,87)
(4476100,87)
(1496500,87)
(2931800,87)
(8821400,87)
(1431900,87)
(8781100,87)
(81400,88)
(5479100,88)
(529000,88)
(1846800,88)
(1446800,88)
(160200,88)
(3384400,88)
(2610700,88)
(1311300,88)
(4979300,88)
(728300,88)
(3368600,89)
(35800,89)
(47000,89)
(2292800,89)
(951500,89)
(96800,89)
(628600,89)
(1133100,89)
(8786800,89)
(1502600,89)
(1388200,89)
(997600,89)
(2256800,90)
(1313600,90)
(5524100,90)
(5956100,90)
(94500,90)
(542100,90)
(25600,90)
(8930200,90)
(4100,90)
(224200,90)
(35900,91)
(3007000,91)
(4533300,91)
(1176600,91)
(100000,91)
(593800,91)
(116100,91)
(452200,92)
(2674600,92)
(744100,92)
(4405900,92)
(2872300,92)
(1116400,93)
(8854200,93)
(485400,93)
(407200,93)
(8793400,93)
(931400,93)
(454400,93)
(8773300,93)
(681900,93)
(3374900,94)
(1765000,94)
(5724800,94)
(1963700,94)
(97700,94)
(47300,94)
(8937400,94)
(4230400,95)
(1085200,95)
(35400,95)
(3388400,95)
(77500,95)
(489200,95)
(1455400,95)
(130500,96)
(8811600,96)
(2885500,96)
(120700,96)
(566000,96)
(479700,96)
(6849200,96)
(2179800,96)
(8769400,96)
(18800,96)
(450900,96)
(292500,96)
(4861200,96)
(1194200,96)
(421700,97)
(511800,97)
(2830700,97)
(1498700,97)
(1462100,97)
(1503100,97)
(1172500,97)
(19800,98)
(2467600,98)
(18500,98)
(847000,98)
(153000,98)
(3120900,98)
(934100,98)
(1706200,98)
(72700,98)
(834700,98)
(1510200,98)
(8767900,98)
(550100,99)
(1360400,99)
(3285900,99)
(1209100,99)
(565800,99)
(2561100,100)
(1690400,100)
(2247200,101)
(1220600,101)
(1880400,101)
(4436900,101)
(4045900,101)
(3369000,101)
(627300,102)
(591400,102)
(4206800,102)
(1318500,102)
(4209000,102)
(1140500,102)
(3353900,102)
(292900,102)
(548100,102)
(1755900,103)
(1972500,103)
(23900,103)
(2127300,103)
(8803000,103)
(112700,103)
(54000,103)
(8828400,104)
(117800,104)
(4823200,104)
(24800,104)
(301800,104)
(8813800,104)
(3030400,104)
(790900,104)
(550600,104)
(2070800,105)
(937800,105)
(1715400,105)
(564700,105)
(1449700,105)
(1738800,105)
(1509300,105)
(3224800,105)
(1512100,106)
(70700,106)
(14300,106)
(2884600,106)
(145500,106)
(251800,106)
(11900,106)
(676700,106)
(991000,107)
(115600,107)
(1484700,107)
(600300,107)
(3058100,107)
(676300,108)
(2136100,108)
(1756700,108)
(8920100,108)
(26000,108)
(1143500,108)
(1500,108)
(8800400,108)
(1906100,109)
(2095600,110)
(1850100,110)
(31600,110)
(7061300,110)
(198300,110)
(493300,110)
(106000,110)
(604700,111)
(1030100,111)
(1851600,111)
(1506400,111)
(6539200,111)
(2339300,111)
(8300,111)
(55200,111)
(1537500,111)
(1132600,111)
(1517300,112)
(1878900,112)
(1847100,112)
(8871200,112)
(2291000,112)
(604800,113)
(619600,113)
(737500,113)
(940200,113)
(3498000,114)
(17000,114)
(4231200,114)
(1053400,114)
(5668200,114)
(569000,114)
(1576000,114)
(3388800,114)
(4860900,114)
(706100,114)
(1020900,115)
(447500,115)
(8801400,115)
(266800,115)
(1848400,115)
(100300,116)
(1427100,116)
(4300,116)
(8766800,116)
(619100,117)
(1850300,117)
(1580900,117)
(203100,117)
(670900,117)
(427700,117)
(196100,117)
(3583800,118)
(53200,118)
(5484800,118)
(1508100,118)
(4400,118)
(3172200,118)
(293300,118)
(268500,119)
(46100,119)
(106500,119)
(45600,119)
(1509200,119)
(397100,119)
(446300,120)
(1437300,120)
(894100,120)
(1353500,121)
(18200,121)
(3061600,121)
(1516300,121)
(451100,121)
(837300,121)
(679800,121)
(3488900,121)
(8832200,122)
(8805800,122)
(3996300,122)
(712300,122)
(1508200,122)
(1846400,123)
(1487000,123)
(235000,123)
(11400,123)
(1847800,123)
(61200,124)
(300,124)
(629700,124)
(189900,124)
(9119700,124)
(195300,125)
(227700,125)
(483600,125)
(4867500,125)
(780400,125)
(1353800,125)
(440700,126)
(4250900,127)
(1290800,127)
(135400,127)
(2661500,128)
(8822600,128)
(724600,128)
(1561000,128)
(6610100,128)
(1581000,128)
(367000,128)
(217700,128)
(2082700,129)
(12200,129)
(55000,129)
(440300,129)
(793400,130)
(1578900,130)
(1380500,130)
(560300,130)
(3387500,130)
(4099600,130)
(287900,130)
(288900,130)
(1170300,131)
(4830100,131)
(1455900,131)
(653300,131)
(733100,132)
(1481700,132)
(4106000,132)
(216800,132)
(136300,132)
(4106100,132)
(1041300,133)
(736600,133)
(2001500,133)
(4194300,133)
(71400,133)
(1220300,134)
(3087700,134)
(1516200,134)
(3391600,134)
(628400,134)
(4410600,134)
(619900,135)
(1513800,135)
(3360400,135)
(1562200,135)
(1437400,136)
(268300,136)
(115400,136)
(700100,137)
(133100,137)
(6300,138)
(127900,138)
(1467900,138)
(11200,138)
(1231300,138)
(288000,139)
(389900,139)
(1503000,139)
(1560400,139)
(445400,139)
(55300,140)
(1282700,140)
(2871900,140)
(3354200,140)
(1509000,140)
(1353600,141)
(55700,141)
(232800,141)
(1848600,142)
(744900,142)
(2952300,143)
(4521500,143)
(1564300,143)
(684100,144)
(2206000,144)
(1226200,145)
(558500,145)
(780700,145)
(1058600,146)
(8800,147)
(23600,147)
(61800,147)
(444800,147)
(1324900,147)
(1454400,148)
(194400,149)
(1610900,150)
(79600,150)
(729000,150)
(8809900,150)
(454100,150)
(1140400,151)
(2245500,151)
(1505100,152)
(4251600,152)
(3409100,152)
(935100,153)
(54900,154)
(1151000,155)
(114700,155)
(1604200,155)
(653700,156)
(600400,156)
(4022800,156)
(529900,157)
(4768400,157)
(455900,157)
(1505000,157)
(2340700,157)
(134900,158)
(1852700,159)
(914700,159)
(415200,159)
(8700,159)
(1980100,160)
(11800,160)
(30000,160)
(2518800,160)
(1566700,160)
(74400,161)
(1515200,161)
(452300,161)
(79700,162)
(1746300,162)
(1801700,162)
(24500,162)
(3365100,163)
(47100,163)
(1291000,164)
(508400,164)
(265800,165)
(3275700,165)
(547600,165)
(251500,165)
(3309400,166)
(451000,166)
(1122900,166)
(289000,167)
(1419100,167)
(514000,168)
(2922400,168)
(824400,169)
(1231200,169)
(1162400,170)
(2913800,170)
(120500,171)
(6000,171)
(1527200,172)
(1739400,172)
(724200,172)
(2638700,172)
(95100,173)
(4021300,173)
(1794800,175)
(2183900,176)
(1284000,176)
(573100,177)
(1513600,177)
(55500,177)
(8790500,177)
(8873400,177)
(3490800,178)
(481700,178)
(51900,178)
(1040700,178)
(2099000,178)
(2940500,179)
(894700,180)
(1141200,180)
(1895100,181)
(53700,181)
(591200,182)
(1499200,182)
(1159000,183)
(1054500,183)
(16600,183)
(97900,183)
(8837700,183)
(869600,184)
(8400,184)
(4331500,185)
(2761900,185)
(604600,185)
(2142800,186)
(147400,186)
(4907800,186)
(193900,187)
(3615400,187)
(460200,187)
(8783600,187)
(218000,188)
(428100,188)
(4516900,188)
(445200,188)
(432800,188)
(480900,188)
(1510600,188)
(449500,189)
(9300,189)
(378000,190)
(10900,191)
(407900,191)
(1226000,191)
(269900,192)
(29900,192)
(8826800,192)
(54200,192)
(263100,192)
(383100,193)
(732600,194)
(15900,194)
(445300,196)
(116800,197)
(6900,197)
(46200,198)
(3700,198)
(3926900,198)
(1521600,199)
(152700,200)
(161600,200)
(234300,201)
(118100,201)
(2591300,201)
(384400,201)
(8795100,201)
(8785700,202)
(2144500,203)
(267600,204)
(1817800,205)
(8782000,206)
(935200,207)
(1581300,207)
(288100,208)
(1246900,209)
(621100,210)
(1471300,210)
(91100,211)
(936200,212)
(384200,213)
(154400,213)
(153500,213)
(284500,214)
(1850700,215)
(8817400,216)
(196000,216)
(449400,216)
(1300,216)
(448800,217)
(16700,217)
(1319200,217)
(1507500,217)
(376300,218)
(547500,218)
(199400,218)
(443700,219)
(1178500,221)
(1291100,221)
(66100,223)
(502200,224)
(122300,224)
(200600,226)
(1314100,226)
(1121200,227)
(934000,227)
(634600,227)
(125600,227)
(724700,228)
(5898900,228)
(1351100,228)
(234900,230)
(655200,230)
(6529500,231)
(1293500,232)
(86200,232)
(1954400,233)
(1291400,234)
(1211200,234)
(412200,234)
(1516800,234)
(101800,235)
(423200,236)
(2000200,236)
(3347600,236)
(1286400,237)
(88700,237)
(453000,238)
(567400,238)
(8774400,239)
(604400,240)
(634500,240)
(8768000,241)
(46600,241)
(1090800,242)
(429100,243)
(1013900,243)
(342100,243)
(6033100,244)
(25500,244)
(133300,244)
(235800,245)
(1290900,245)
(1500200,246)
(8774900,246)
(619000,246)
(627800,248)
(151300,248)
(480400,249)
(56700,250)
(922200,250)
(101100,251)
(20500,251)
(8767500,251)
(8776300,253)
(991900,254)
(646600,256)
(8826900,258)
(33900,259)
(56200,260)
(72400,261)
(99500,261)
(47700,262)
(3001600,263)
(1291800,264)
(5045900,264)
(35700,265)
(670500,265)
(8771000,267)
(9500,268)
(619200,268)
(22200,270)
(617700,270)
(201900,271)
(5766800,273)
(18900,273)
(293500,273)
(935000,274)
(133200,274)
(13800,274)
(620500,276)
(525800,277)
(1538500,278)
(618500,278)
(216100,279)
(54300,281)
(450100,281)
(621300,281)
(432900,282)
(1295200,283)
(2151100,283)
(432700,285)
(411000,285)
(2471600,285)
(1305000,288)
(56800,289)
(1507100,294)
(1513700,303)
(153900,304)
(8778900,304)
(164700,304)
(16000,305)
(3379900,307)
(433000,307)
(2716400,310)
(620900,310)
(8794100,313)
(666100,314)
(572000,314)
(64100,314)
(91900,315)
(2044100,324)
(8773600,325)
(196500,326)
(5584100,326)
(8778400,326)
(266200,327)
(46000,328)
(263500,329)
(85900,330)
(1542900,330)
(1329600,331)
(63200,332)
(39000,333)
(1993000,333)
(48100,336)
(123300,339)
(1400,344)
(242500,344)
(2427400,346)
(269700,348)
(698500,348)
(3599400,350)
(11300,352)
(37700,352)
(198400,355)
(491700,357)
(1216400,357)
(4870200,360)
(48700,361)
(9003100,361)
(948800,363)
(552100,364)
(101200,364)
(18000,364)
(1321200,365)
(8778200,367)
(194600,367)
(55800,369)
(99400,371)
(482500,373)
(9003700,374)
(855700,383)
(4975500,384)
(2840100,385)
(2155200,386)
(730600,387)
(5710400,396)
(239700,400)
(3428400,408)
(195700,409)
(8769500,412)
(2660100,413)
(47600,414)
(3360500,415)
(83100,416)
(6753100,417)
(3800,419)
(173900,420)
(661200,421)
(2013700,424)
(23400,429)
(506100,429)
(107900,430)
(1530000,430)
(1114000,433)
(7100,440)
(444300,447)
(1000,449)
(18100,450)
(935300,459)
(619800,461)
(8772600,461)
(7622800,462)
(38800,462)
(628300,463)
(3252400,467)
(9000,467)
(8766700,468)
(4680000,473)
(534900,475)
(1111000,476)
(576100,478)
(9800,481)
(40100,482)
(36400,485)
(1437500,497)
(8774200,499)
(262800,500)
(1193600,501)
(226600,504)
(4161000,504)
(4906900,505)
(3103200,510)
(400100,510)
(636500,511)
(122700,511)
(641600,524)
(518400,526)
(86000,528)
(1194300,531)
(56300,532)
(2451500,533)
(6929300,539)
(266500,543)
(530400,547)
(454500,559)
(875000,576)
(376500,583)
(939600,592)
(2532800,599)
(194900,602)
(3480300,615)
(3273900,622)
(2247400,629)
(14800,630)
(415100,644)
(8765000,647)
(598300,647)
(53400,648)
(6632500,652)
(1264700,655)
(63800,666)
(32000,669)
(2209400,672)
(727100,673)
(46500,676)
(2083300,696)
(134700,700)
(13300,709)
(428900,721)
(8766900,723)
(8772000,732)
(897300,733)
(1019300,753)
(70900,763)
(101000,765)
(824100,778)
(152900,784)
(47900,790)
(1212200,800)
(43900,800)
(2763600,803)
(913200,808)
(91300,828)
(657700,849)
(60600,853)
(67900,880)
(2040200,886)
(7261900,891)
(642800,895)
(8772500,906)
(1239600,944)
(949000,964)
(399800,988)
(2401500,1032)
(4080700,1038)
(4460900,1049)
(379300,1054)
(1557100,1107)
(560600,1110)
(8775000,1134)
(149600,1151)
(60900,1164)
(709100,1220)
(285100,1223)
(87300,1245)
(8766400,1258)
(2309700,1314)
(8299400,1351)
(2949800,1379)
(421800,1417)
(644300,1522)
(1893300,1552)
(7228500,1570)
(1029300,1598)
(782600,1630)
(1704300,1672)
(1844200,1696)
(2244800,1718)
(52800,1760)
(585300,1801)
(8767700,1835)
(1509100,1856)
(495800,1857)
(165300,1864)
(8690800,1911)
(273500,1960)
(2134000,2125)
(3020900,2287)
(116000,2288)
(258900,2482)
(1937200,2598)
(713900,2953)
(1360800,3377)
(8764400,4276)
(2640400,4751)
(2811600,4781)
(8765700,4950)
(175300,5178)
(286500,5243)
(21200,5495)
(135300,5646)
(8768900,5761)
(3588200,5878)
(1124800,6570)
(1037500,6571)
(3887000,6608)
(567800,8371)
(1623900,8880)
(13100,11611)
(1188700,13094)
(58200,41831)
(111800,49504)
(1202400,55445)
