(9312700,17)
(6691500,17)
(688300,17)
(8826700,17)
(2010700,17)
(9061700,17)
(1785100,17)
(1534100,17)
(1558500,17)
(9122700,17)
(2128300,17)
(3173900,17)
(70800,17)
(3201700,17)
(7228900,17)
(9145900,17)
(9202100,17)
(69600,17)
(736100,17)
(8797400,17)
(1185500,17)
(3165500,17)
(1084400,17)
(3202600,17)
(5972000,17)
(6723700,17)
(1836200,17)
(1162100,17)
(62800,17)
(6628800,17)
(9698400,17)
(2487100,17)
(129800,17)
(4198200,17)
(863600,17)
(1227800,17)
(975300,17)
(909000,17)
(71000,17)
(3174100,17)
(1118600,17)
(884900,17)
(44200,17)
(277000,17)
(3062000,17)
(9015000,17)
(187800,17)
(256900,17)
(1968300,17)
(2380200,17)
(648500,17)
(1778300,17)
(3117700,17)
(2396200,17)
(10752800,17)
(985800,17)
(1911500,17)
(38900,17)
(2446000,17)
(4408500,17)
(491900,17)
(385500,17)
(5047000,17)
(2123600,17)
(27100,17)
(1557200,17)
(1482700,17)
(7069900,17)
(4834600,17)
(8391800,17)
(4513800,17)
(3166700,17)
(202300,17)
(2327200,17)
(2263300,17)
(1851800,17)
(622900,17)
(1315700,17)
(1427800,17)
(1885400,17)
(45100,17)
(4795400,17)
(8812500,17)
(6704800,17)
(3836200,17)
(4946300,17)
(677400,17)
(476700,17)
(1155600,17)
(6523500,17)
(1460100,17)
(934400,17)
(1689400,17)
(261000,17)
(1590000,17)
(243400,17)
(1082400,17)
(3352000,17)
(1749700,17)
(399900,17)
(375600,17)
(1385100,17)
(1086600,17)
(4248800,17)
(6578500,17)
(3884200,17)
(2815100,17)
(682900,17)
(637900,17)
(1666100,17)
(16900,17)
(5712600,17)
(405300,17)
(2416300,17)
(751900,17)
(922300,17)
(4190600,17)
(2870400,17)
(947100,17)
(907100,17)
(1230000,17)
(674300,17)
(4799000,17)
(785700,17)
(397300,17)
(2650800,17)
(1770000,17)
(900000,17)
(900300,17)
(4533400,17)
(8902400,17)
(4198300,17)
(1849200,17)
(89900,17)
(3025600,17)
(9696600,17)
(618000,17)
(670800,17)
(3906800,17)
(6528100,17)
(3061800,17)
(3925600,17)
(9028100,17)
(4574000,17)
(4418300,17)
(1589300,17)
(6569300,17)
(3261000,17)
(3385200,17)
(3901400,17)
(4024900,17)
(1452300,17)
(8774500,17)
(960900,17)
(2273600,17)
(4483200,17)
(6534400,17)
(4182800,17)
(517300,17)
(790600,17)
(5008100,17)
(291400,17)
(149100,17)
(4243000,17)
(1172100,17)
(7273300,17)
(1961000,17)
(6690400,17)
(377400,17)
(729300,17)
(4406800,17)
(1112700,17)
(4111800,17)
(9523800,17)
(6559300,17)
(1533200,17)
(546700,17)
(1069900,17)
(8844100,17)
(1015200,17)
(2771800,17)
(1057800,17)
(6751800,17)
(154200,17)
(9718900,17)
(903300,17)
(1725000,17)
(179100,17)
(2323500,17)
(3354100,17)
(1850800,17)
(2354900,17)
(4408400,17)
(9363500,17)
(1458300,17)
(2781500,18)
(5484400,18)
(1390600,18)
(1682800,18)
(3247400,18)
(1312300,18)
(8975900,18)
(1523400,18)
(1577500,18)
(5573500,18)
(621500,18)
(4829500,18)
(604100,18)
(2870300,18)
(1504500,18)
(8859100,18)
(3421800,18)
(1193300,18)
(9005900,18)
(6854700,18)
(2903600,18)
(1491800,18)
(2174800,18)
(266700,18)
(128600,18)
(6636000,18)
(3216800,18)
(2108100,18)
(1342500,18)
(6494900,18)
(3390600,18)
(9089700,18)
(1715500,18)
(3318500,18)
(1614000,18)
(1331500,18)
(1485100,18)
(1230500,18)
(111600,18)
(4414300,18)
(2324700,18)
(5459200,18)
(2242800,18)
(4867700,18)
(4188600,18)
(98000,18)
(1684600,18)
(9068800,18)
(2365700,18)
(723000,18)
(8807300,18)
(89100,18)
(7677500,18)
(1920400,18)
(8900500,18)
(4958000,18)
(3255200,18)
(3035400,18)
(8982800,18)
(6627800,18)
(4412700,18)
(1591300,18)
(2687300,18)
(1617700,18)
(550400,18)
(8795300,18)
(1306900,18)
(947500,18)
(3931900,18)
(2665200,18)
(602100,18)
(606100,18)
(1781700,18)
(6821300,18)
(1665600,18)
(997000,18)
(6919700,18)
(953300,18)
(1345600,18)
(5886600,18)
(5536900,18)
(482300,18)
(9145800,18)
(5912600,18)
(1221900,18)
(9035100,18)
(1051500,18)
(8878700,18)
(1163200,18)
(2763500,18)
(189200,18)
(1178900,18)
(4831600,18)
(1507800,18)
(199900,18)
(4461700,18)
(4413500,18)
(220800,18)
(6615000,18)
(9175500,18)
(2155300,18)
(6569100,18)
(2262200,18)
(226500,18)
(1564200,18)
(2329200,18)
(8814700,18)
(7071200,18)
(4391100,18)
(889400,18)
(565400,18)
(6616800,18)
(4626100,18)
(904400,18)
(408300,18)
(5392200,18)
(4040300,18)
(1734800,18)
(46900,18)
(5885700,18)
(8827500,18)
(5777100,18)
(4450900,18)
(908200,18)
(3363000,18)
(2083100,18)
(793700,18)
(5747800,18)
(2339500,18)
(4693200,18)
(4457000,18)
(2130400,18)
(3102300,18)
(2286700,18)
(3394100,18)
(1979800,18)
(1781800,18)
(4082700,18)
(7090600,18)
(2160100,18)
(8943200,18)
(2066800,18)
(8963100,18)
(6628300,18)
(5945200,18)
(5483400,18)
(5744000,18)
(7120900,18)
(1485300,18)
(1293200,18)
(2793600,18)
(1154000,18)
(4999200,18)
(2206500,18)
(417900,18)
(552900,18)
(1293900,18)
(8787700,18)
(8849400,18)
(2248800,18)
(8890100,18)
(102400,18)
(3007900,18)
(266400,18)
(203500,18)
(1236800,18)
(4187400,18)
(1490400,18)
(534300,18)
(1610000,18)
(292400,18)
(299600,18)
(2473200,18)
(3009500,18)
(893500,18)
(534200,18)
(8936600,18)
(4847900,18)
(130800,18)
(604300,18)
(9117600,18)
(1166500,18)
(1449100,18)
(6628400,18)
(5376200,18)
(1030000,18)
(3414800,18)
(2521300,18)
(1335100,18)
(86700,18)
(2128500,18)
(1419600,18)
(1670700,18)
(2337100,18)
(2238700,18)
(2562300,18)
(3209700,18)
(6613000,18)
(4124300,18)
(1867400,18)
(794000,18)
(15700,18)
(4184200,18)
(560400,18)
(2519900,18)
(4196600,18)
(934300,18)
(3390700,18)
(6617800,18)
(17900,18)
(127800,18)
(1563200,18)
