(4116100,13)
(2519100,13)
(565300,13)
(8913700,13)
(9861200,13)
(108900,13)
(1239000,13)
(1156800,13)
(6691100,13)
(9009300,13)
(1041400,13)
(443800,13)
(531500,13)
(6614900,13)
(3569400,13)
(627100,13)
(896200,13)
(29600,13)
(433300,13)
(4114800,13)
(93600,13)
(168800,13)
(1522600,13)
(3416700,13)
(785600,13)
(1443300,13)
(5461300,13)
(124800,13)
(6612700,13)
(904100,13)
(9439200,13)
(7031000,13)
(7600,13)
(4558700,13)
(1161300,13)
(8917200,13)
(5761100,13)
(5910500,13)
(4629700,13)
(128800,13)
(5537700,13)
(973200,13)
(1830000,13)
(681700,13)
(2844600,13)
(2529400,13)
(7269600,13)
(7311800,13)
(494000,13)
(1013000,13)
(902500,13)
(3049800,13)
(4196900,13)
(7512900,13)
(664500,13)
(9295800,13)
(6741300,13)
(6729200,13)
(1017900,13)
(3084800,13)
(6590500,13)
(671400,13)
(2420500,13)
(1768500,13)
(934600,13)
(6627900,13)
(4002200,13)
(2315000,13)
(1602500,13)
(6755600,13)
(10531400,13)
(265200,13)
(3265700,13)
(8871700,13)
(7449600,13)
(240600,13)
(8866300,13)
(1366700,13)
(12000,13)
(2715500,13)
(5474300,13)
(8824700,13)
(3055900,13)
(428200,13)
(631000,13)
(3223700,13)
(87200,13)
(1676100,13)
(5477400,13)
(8841000,13)
(1496600,13)
(127700,13)
(3388700,13)
(4816100,13)
(3306900,13)
(4845700,13)
(7484600,13)
(557500,13)
(219500,13)
(2073200,13)
(6725600,13)
(949100,13)
(1900100,13)
(8770000,13)
(794400,13)
(8658700,13)
(6257400,13)
(1857300,13)
(2050200,13)
(373400,13)
(945600,13)
(1149900,13)
(3145000,13)
(7601600,13)
(298600,13)
(3320000,13)
(298900,13)
(9217000,13)
(3367700,13)
(938500,13)
(3391000,13)
(414900,13)
(2171400,13)
(3222900,13)
(6704100,13)
(2716100,13)
(1989500,13)
(7113400,13)
(743800,13)
(9752600,13)
(285400,13)
(630500,13)
(155900,13)
(1757800,13)
(6527400,13)
(246800,13)
(8970000,13)
(2526700,13)
(8979700,13)
(902000,13)
(924400,13)
(1438500,13)
(2301800,13)
(6792400,13)
(5712300,13)
(37900,13)
(1366000,13)
(2476200,13)
(3428900,13)
(2836100,13)
(5495200,13)
(4218100,13)
(4948100,13)
(3225800,13)
(1631000,13)
(919200,13)
(107100,13)
(25100,13)
(116300,13)
(8972100,13)
(4942400,13)
(1809100,13)
(113300,13)
(2952900,13)
(1873500,13)
(3406100,13)
(838600,13)
(12300,13)
(1490600,13)
(3240300,13)
(603400,13)
(914900,13)
(291100,13)
(7820400,13)
(659700,13)
(2425900,13)
(2846300,13)
(5806200,13)
(9480200,13)
(126400,13)
(6883300,13)
(1220900,13)
(1127600,13)
(6558300,13)
(380900,13)
(3065800,13)
(9239900,13)
(1246700,13)
(736800,13)
(2951600,13)
(1433300,13)
(3502800,13)
(4866800,13)
(5886700,13)
(1224500,13)
(1223000,13)
(20100,13)
(530200,13)
(33300,13)
(4627900,13)
(1448700,13)
(3096700,13)
(665200,13)
(2973200,13)
(946400,13)
(698400,13)
(2392000,13)
(1112300,13)
(2831900,13)
(9261300,13)
(985300,13)
(2200300,13)
(4497800,13)
(1333100,13)
(456200,13)
(675200,13)
(9002100,13)
(3433900,13)
(6716400,13)
(6739500,13)
(3504000,13)
(9859200,13)
(32500,13)
(6562000,13)
(433400,13)
(5738300,13)
(1090900,13)
(4161500,13)
(6531800,13)
(442100,13)
(8880100,13)
(668600,13)
(6634300,13)
(2362100,13)
(1334000,13)
(6820200,13)
(4174200,13)
(856400,13)
(2129000,13)
(3306800,13)
(2444300,13)
(248300,13)
(2425800,13)
(1552000,13)
(1798100,13)
(1829500,13)
(396100,13)
(2478900,13)
(3171600,13)
(229900,13)
(9034600,13)
(4192300,13)
(3143300,13)
(5596400,13)
(6573200,13)
(3039500,13)
(9618800,13)
(439400,13)
(893300,13)
(5476000,13)
(5770300,13)
(6788100,13)
(1508700,13)
(8709600,13)
(46300,13)
(3361000,13)
(9174100,13)
(5796800,13)
(710200,13)
(2449700,13)
(4145800,13)
(6558700,13)
(1324100,13)
(4828500,13)
(2318600,13)
(6730400,13)
(2623300,13)
(879400,13)
(8831700,13)
(1844700,13)
(915600,13)
(870300,13)
(1826100,13)
(2097600,13)
(3343000,13)
(4229200,13)
(1612500,13)
(60300,13)
(259400,13)
(1356400,13)
(1389600,13)
(8838200,13)
(3256000,13)
(600700,13)
(251000,13)
(643200,13)
(535100,13)
(9315500,13)
(730300,13)
(1626100,13)
(4500400,13)
(1443000,13)
(743600,13)
(2528400,13)
(670100,13)
(639100,13)
(8952700,13)
(1045500,13)
(1462600,13)
(8829100,13)
(712900,13)
(1529300,13)
(6928800,13)
(532600,13)
(547300,13)
(3146800,13)
(8602900,13)
(9700,13)
(625900,13)
(2496700,13)
(8972900,13)
(1046700,13)
(3430300,13)
