(9810200,12)
(2536400,12)
(1979600,12)
(2080000,12)
(9096600,12)
(1846200,12)
(6930100,12)
(4942600,12)
(9029800,12)
(1753700,12)
(376000,12)
(9074900,12)
(2763400,12)
(2901000,12)
(3469200,12)
(2606700,12)
(5950300,12)
(219800,12)
(1524400,12)
(206200,12)
(673300,12)
(668500,12)
(1064800,12)
(2613200,12)
(4196000,12)
(1711300,12)
(1061500,12)
(57900,12)
(535300,12)
(8790300,12)
(97100,12)
(895500,12)
(3440300,12)
(66300,12)
(1149800,12)
(2883500,12)
(44100,12)
(1673600,12)
(6873700,12)
(3161000,12)
(2709300,12)
(236300,12)
(9922800,12)
(1386300,12)
(592100,12)
(484200,12)
(2514700,12)
(1341600,12)
(9570500,12)
(5541800,12)
(2529700,12)
(384000,12)
(1956800,12)
(3414200,12)
(781400,12)
(1324400,12)
(9112500,12)
(4523300,12)
(2595400,12)
(1495500,12)
(2384600,12)
(2257200,12)
(4892200,12)
(3344300,12)
(898000,12)
(8931900,12)
(5474000,12)
(176600,12)
(1360200,12)
(4678700,12)
(6618100,12)
(8969400,12)
(3217200,12)
(2316300,12)
(2273400,12)
(1629400,12)
(203200,12)
(4627000,12)
(4833800,12)
(9078200,12)
(680100,12)
(5334500,12)
(144900,12)
(3382700,12)
(6816400,12)
(6722800,12)
(9185400,12)
(3625900,12)
(1784900,12)
(1124500,12)
(195900,12)
(2872500,12)
(6534600,12)
(2798400,12)
(6809900,12)
(8876800,12)
(615100,12)
(6541800,12)
(1977200,12)
(6535300,12)
(2309400,12)
(1023000,12)
(2492800,12)
(4255800,12)
(1489100,12)
(5061900,12)
(4586300,12)
(1223600,12)
(2246300,12)
(423700,12)
(6600300,12)
(439200,12)
(7309900,12)
(33600,12)
(1487700,12)
(3121400,12)
(3382400,12)
(9025800,12)
(887500,12)
(251700,12)
(3496100,12)
(6753700,12)
(2561600,12)
(1156400,12)
(9544400,12)
(8829000,12)
(3074100,12)
(37300,12)
(4794900,12)
(2491800,12)
(681100,12)
(3031100,12)
(99000,12)
(1668600,12)
(968400,12)
(833300,12)
(8926300,12)
(8891700,12)
(6916300,12)
(1214400,12)
(9047200,12)
(1170400,12)
(412400,12)
(1832100,12)
(4149800,12)
(9272800,12)
(82500,12)
(1499500,12)
(9129900,12)
(9110800,12)
(8787100,12)
(8801100,12)
(2616500,12)
(2480000,12)
(1436600,12)
(2241600,12)
(1037000,12)
(59300,12)
(1537100,12)
(9216900,12)
(2112200,12)
(2662400,12)
(545000,12)
(5535600,12)
(4868300,12)
(2061100,12)
(486300,12)
(6601100,12)
(8988700,12)
(1324000,12)
(8881300,12)
(1222000,12)
(6935400,12)
(3299100,12)
(5993500,12)
(9018500,12)
(8970400,12)
(1222400,12)
(1504200,12)
(3617500,12)
(449200,12)
(3552000,12)
(1567000,12)
(3031600,12)
(1584900,12)
(7570500,12)
(3051000,12)
(6644500,12)
(1296300,12)
(4792400,12)
(887700,12)
(1166600,12)
(628700,12)
(4946400,12)
(4800400,12)
(2293000,12)
(1466800,12)
(2389500,12)
(6516600,12)
(3356800,12)
(2456100,12)
(986000,12)
(2702100,12)
(1978000,12)
(2429900,12)
(370700,12)
(4014400,12)
(262300,12)
(38600,12)
(1015000,12)
(2067400,12)
(8854700,12)
(292600,12)
(9102100,12)
(9102500,12)
(4118000,12)
(7474500,12)
(6919100,12)
(437500,12)
(6626600,12)
(7326300,12)
(4860600,12)
(1231400,12)
(1280900,12)
(9277300,12)
(2843100,12)
(1379400,12)
(3030100,12)
(6827000,12)
(68500,12)
(387700,12)
(1818300,12)
(4381900,12)
(1331800,12)
(1185700,12)
(1224400,12)
(451200,12)
(6558900,12)
(620800,12)
(6715300,12)
(564600,12)
(5888100,12)
(1909000,12)
(1144900,12)
(4095800,12)
(1983100,12)
(706000,12)
(9083700,12)
(441700,12)
(154000,12)
(34800,12)
(2964000,12)
(3147500,12)
(2137700,12)
(963200,12)
(7604500,12)
(428500,12)
(1185400,12)
(4162100,12)
(426000,12)
(2672200,12)
(3191500,12)
(2137200,12)
(1377000,12)
(667800,12)
(1879000,12)
(1511700,12)
(887600,12)
(2246100,12)
(952100,12)
(3102400,12)
(6576300,12)
(431500,12)
(2308800,12)
(1303900,12)
(422200,12)
(2346900,12)
(2137500,12)
(1556600,12)
(3113700,12)
(937600,12)
(1488400,12)
(9187000,12)
(1891700,12)
(6524200,12)
(7614900,12)
(3391900,12)
(6537800,12)
(4952900,12)
(4288100,12)
(1322200,12)
(2636300,12)
(190000,12)
(4526200,12)
(1382500,12)
(4042300,12)
(1382400,12)
(946900,12)
(725200,12)
(786200,12)
(406600,12)
(675800,12)
(1843300,12)
(1097300,12)
(1756100,12)
(8972300,12)
(601600,12)
(6752000,12)
(656300,12)
(7149500,12)
(926700,12)
(8985800,12)
(1013300,12)
(7692700,12)
(9000000,12)
(1348100,12)
(37600,12)
(838800,12)
(2935800,12)
(9866300,12)
(4536000,12)
(2995500,12)
(2939500,12)
(6582300,12)
(400500,12)
(419100,12)
(3219400,12)
(1507200,12)
(2276300,12)
(9122200,12)
(1449900,12)
(1604900,12)
(79400,12)
(634700,12)
(1417800,12)
(9251400,12)
(8921000,12)
(1891500,12)
(1544500,12)
(410600,12)
(1416700,12)
(675000,12)
(2870600,12)
(4686700,12)
(2532900,12)
(2484600,12)
(8769200,12)
(1082900,12)
(1851400,12)
(1114400,12)
(2562400,12)
(239200,12)
(2441000,12)
(5520500,12)
(9226400,12)
(1026600,12)
(26400,12)
(3171800,12)
(4212300,12)
(18600,12)
(1505900,12)
(291200,12)
(1436800,12)
(1316300,12)
(1143100,12)
(1214000,12)
(1450000,12)
(6704000,12)
(71100,12)
(5480400,12)
(9128000,12)
