(9872300,3)
(9512200,3)
(4578900,3)
(1376900,3)
(10655700,3)
(9390400,3)
(9923100,3)
(286000,3)
(897500,3)
(9764200,3)
(1591900,3)
(3931300,3)
(721100,3)
(2394600,3)
(5889000,3)
(2491400,3)
(1432400,3)
(984300,3)
(7626500,3)
(100400,3)
(3145900,3)
(1593000,3)
(738100,3)
(6643800,3)
(4985500,3)
(5948600,3)
(6552100,3)
(1021900,3)
(1064900,3)
(2359100,3)
(9017100,3)
(9073400,3)
(4951300,3)
(655600,3)
(2350200,3)
(1496300,3)
(9102300,3)
(1606800,3)
(10265100,3)
(2974400,3)
(8719800,3)
(2633600,3)
(9812800,3)
(5366000,3)
(1001600,3)
(1873600,3)
(9656200,3)
(3500700,3)
(6922900,3)
(3390900,3)
(6482600,3)
(1860700,3)
(3511300,3)
(13500,3)
(1939600,3)
(8006300,3)
(9001200,3)
(237500,3)
(5522400,3)
(9654500,3)
(3350200,3)
(9204100,3)
(1091100,3)
(9283400,3)
(3516800,3)
(6877100,3)
(9081200,3)
(4385600,3)
(3025700,3)
(3637400,3)
(1807500,3)
(6781500,3)
(477000,3)
(5374900,3)
(6738400,3)
(243600,3)
(1448200,3)
(1978100,3)
(2185400,3)
(7411200,3)
(7093000,3)
(6570800,3)
(7825200,3)
(1323800,3)
(1460200,3)
(2524500,3)
(1238100,3)
(8393300,3)
(9386500,3)
(9082500,3)
(9092000,3)
(3034500,3)
(1987800,3)
(1529100,3)
(4508600,3)
(414400,3)
(391000,3)
(4273600,3)
(8458800,3)
(4136400,3)
(9820300,3)
(2299700,3)
(4002500,3)
(9071000,3)
(3438800,3)
(9467200,3)
(9340100,3)
(2479000,3)
(4970400,3)
(2648900,3)
(7889700,3)
(7422300,3)
(5561400,3)
(1384200,3)
(9815000,3)
(6734200,3)
(181500,3)
(1552200,3)
(1759800,3)
(5892600,3)
(9286100,3)
(1810000,3)
(9074000,3)
(5356500,3)
(4131900,3)
(8299500,3)
(1939700,3)
(1782300,3)
(2120900,3)
(5347600,3)
(9166500,3)
(2561400,3)
(5402400,3)
(7069200,3)
(8841900,3)
(2130200,3)
(5978300,3)
(1226900,3)
(9093600,3)
(4529000,3)
(9791800,3)
(3488500,3)
(7028700,3)
(8142100,3)
(5803200,3)
(4046100,3)
(2619800,3)
(894000,3)
(2310200,3)
(4457100,3)
(2370300,3)
(3161400,3)
(3110300,3)
(3838700,3)
(1350900,3)
(3529200,3)
(841500,3)
(5566200,3)
(2895400,3)
(7038800,3)
(2093500,3)
(4571900,3)
(6550500,3)
(1607500,3)
(162900,3)
(2145200,3)
(10045300,3)
(10303600,3)
(1368800,3)
(6519700,3)
(2097300,3)
(425200,3)
(5466400,3)
(3575200,3)
(2890300,3)
(6503500,3)
(10074600,3)
(1666000,3)
(3773100,3)
(68100,3)
(3234300,3)
(2674300,3)
(599500,3)
(8975200,3)
(1428200,3)
(956900,3)
(9373900,3)
(8316600,3)
(9445200,3)
(9174300,3)
(8537400,3)
(1087600,3)
(4359500,3)
(1801200,3)
(3217600,3)
(5730300,3)
(2078100,3)
(8943300,3)
(10101400,3)
(10135400,3)
(3236500,3)
(6933600,3)
(8926100,3)
(6582900,3)
(1218300,3)
(435000,3)
(5744800,3)
(4371600,3)
(3580400,3)
(5550200,3)
(3489700,3)
(248100,3)
(273900,3)
(4380700,3)
(4390000,3)
(1989000,3)
(8931100,3)
(1056500,3)
(3153300,3)
(6725700,3)
(4476900,3)
(7254500,3)
(14000,3)
(10028000,3)
(8369500,3)
(691800,3)
(2380400,3)
(9468900,3)
(450300,3)
(7418100,3)
(9745400,3)
(4695000,3)
(270700,3)
(643500,3)
(6913100,3)
(9372700,3)
(4180100,3)
(7444600,3)
(8393200,3)
(4170500,3)
(1502300,3)
(5614800,3)
(9626400,3)
(10061500,3)
(2138700,3)
(9224900,3)
(8358100,3)
(9376100,3)
(6045900,3)
(6502200,3)
(10000500,3)
(10944800,3)
(1176200,3)
(5764800,3)
(9242700,3)
(2842100,3)
(10247400,3)
(8851000,3)
(1657500,3)
(1615600,3)
(4235200,3)
(9670500,3)
(4676400,3)
(9761200,3)
(1595400,3)
(9024500,3)
(2422700,3)
(7073300,3)
(9807600,3)
(10291200,3)
(3922400,3)
(8615300,3)
(5708300,3)
(7096300,3)
(1432500,3)
(7380100,3)
(9985000,3)
(1463300,3)
(4081100,3)
(9535800,3)
(8292900,3)
(5547200,3)
(52400,3)
(269000,3)
(690500,3)
(8689600,3)
(7580500,3)
(3374600,3)
(5048900,3)
(3351400,3)
(9491800,3)
(7561700,3)
(3393900,3)
(7823400,3)
(1633900,3)
(1045600,3)
(3958000,3)
(2624200,3)
(3326200,3)
(6696200,3)
(3341200,3)
(4987600,3)
(9262400,3)
(2179100,3)
(389700,3)
(3033600,3)
(6822700,3)
(1680400,3)
(2135100,3)
(8975000,3)
(495300,3)
(5398800,3)
(7212400,3)
(6684700,3)
(1484500,3)
(4394700,3)
(9060200,3)
(8773700,3)
(9419200,3)
(4329900,3)
(4837600,3)
(3510400,3)
(9305900,3)
(20900,3)
(9447700,3)
(9284500,3)
(1692600,3)
(9066000,3)
(3238700,3)
(9870100,3)
(9147600,3)
(4939000,3)
(8691700,3)
(5389200,3)
(892800,3)
(9876900,3)
(7424900,3)
(6704200,3)
(3215800,3)
(8561100,3)
(9585900,3)
(6575200,3)
(9192500,3)
(4142400,3)
(3156300,3)
(9799300,3)
(5745300,3)
(192800,3)
(10038000,3)
(9773300,3)
(4561800,3)
(7426900,3)
(10491100,3)
(9737800,3)
(4889600,3)
(1463100,3)
(5364900,3)
(8902700,3)
(6724400,3)
(1314500,3)
(3459600,3)
(10053500,3)
(4719500,3)
(9568900,3)
(1495700,3)
(1967100,3)
(9354800,3)
(8767800,3)
(3829900,3)
(9648400,3)
(2377200,3)
(670700,3)
(3760300,3)
(4532600,3)
(1311700,3)
(9567000,3)
(5984400,3)
(2401100,3)
(4115200,3)
(1655900,3)
(8835100,3)
(658800,3)
(6887000,3)
(6829200,3)
(5490300,3)
(1319400,3)
(709300,3)
(1928800,3)
(5919600,3)
(4402900,3)
(7176900,3)
(6909200,3)
(1278400,3)
(9719600,3)
(1549200,3)
(232400,3)
(10745700,3)
(5984100,3)
(10338100,3)
(7390600,3)
(8829300,3)
(380200,3)
(8764600,3)
(2647600,3)
(1445500,3)
(340700,3)
(1476500,3)
(9681800,3)
(10637700,3)
(9033200,3)
(8457700,3)
(9945000,3)
(2493200,3)
(10597000,3)
(1875400,3)
(429700,3)
(62700,3)
(10393100,3)
(4389700,3)
(6528900,3)
(4407900,3)
(8994700,3)
(2782500,3)
(195500,3)
(3585700,3)
(3894200,3)
(7567300,3)
(4081700,3)
(2658700,3)
(3220600,3)
(7288100,3)
(1456600,3)
(3665300,3)
(4986300,3)
(674400,3)
(8920200,3)
(1110000,3)
(10442100,3)
(2529300,3)
(6529000,3)
(696300,3)
(2717500,3)
(9022400,3)
(1082800,3)
(9713000,3)
(5212700,3)
(5581600,3)
(110200,3)
(900200,3)
(2380600,3)
(4108900,3)
(9226600,3)
(632900,3)
(4716200,3)
(9258000,3)
(728900,3)
(9031900,3)
(6712400,3)
(2648200,3)
(228700,3)
(7099700,3)
(9025500,3)
(2773100,3)
(4701900,3)
(1705400,3)
(9363700,3)
(1085000,3)
(901200,3)
(9463300,3)
(204500,3)
(10357000,3)
(6634000,3)
(4865900,3)
(5476900,3)
(8789200,3)
(9582900,3)
(4809600,3)
(7457200,3)
(128400,3)
(1513300,3)
(4235600,3)
(8666300,3)
(6726700,3)
(10186100,3)
(9631300,3)
(9258700,3)
(9549600,3)
(9214100,3)
(9269100,3)
(4238000,3)
(109700,3)
(3113600,3)
(537200,3)
(5599900,3)
(9458900,3)
(9417700,3)
(1140900,3)
(7200600,3)
(5458500,3)
(9876600,3)
(4243800,3)
(8867300,3)
(2331000,3)
(4869500,3)
(210800,3)
(8973500,3)
(8452200,3)
(3566900,3)
(1561400,3)
(5463300,3)
(9047800,3)
(5759600,3)
(6881800,3)
(9972500,3)
(5975500,3)
(7297300,3)
(1734100,3)
(8867400,3)
(5415700,3)
(2365100,3)
(3092200,3)
(9670400,3)
(6600200,3)
(1540600,3)
(5551300,3)
(4000,3)
(7047100,3)
(3222700,3)
(1743700,3)
(5342100,3)
(28900,3)
(2528000,3)
(11114800,3)
(800700,3)
(4586200,3)
(59800,3)
(1367700,3)
(9637500,3)
(4158300,3)
(1535200,3)
(7817600,3)
(1170000,3)
(9715400,3)
(9015600,3)
(8722600,3)
(7269400,3)
(731800,3)
(4180200,3)
(3546900,3)
(8102500,3)
(898200,3)
(9432000,3)
(9847600,3)
(1554700,3)
(1334600,3)
(140700,3)
(6788300,3)
(2288000,3)
(10726600,3)
(4577300,3)
(4776100,3)
(7072900,3)
(31900,3)
(7955700,3)
(1458600,3)
(3471300,3)
(8874400,3)
(4211300,3)
(78500,3)
(555900,3)
(5458600,3)
(1826500,3)
(6558400,3)
(1774500,3)
(3620600,3)
(4279500,3)
(6862100,3)
(3011600,3)
(1704800,3)
(10265300,3)
(3906200,3)
(1804500,3)
(698800,3)
(3201600,3)
(9715300,3)
(8601300,3)
(9988900,3)
(2527700,3)
(5801900,3)
(1305800,3)
(533000,3)
(1157900,3)
(3247600,3)
(9167700,3)
(4600700,3)
(6772100,3)
(7542600,3)
(8878900,3)
(8308200,3)
(10712700,3)
(8812800,3)
(2381800,3)
(9322900,3)
(7070600,3)
(5558400,3)
(1225100,3)
(6736500,3)
(7433700,3)
(4417200,3)
(6637600,3)
(10674600,3)
(3238500,3)
(10197900,3)
(7491000,3)
(9171300,3)
(3322000,3)
(907200,3)
(2085400,3)
(3550600,3)
(4899500,3)
(2528900,3)
(9043800,3)
(1638200,3)
(4350700,3)
(7559800,3)
(2810000,3)
(7290800,3)
(6573700,3)
(438100,3)
(9313500,3)
(9987800,3)
(4947100,3)
(5775000,3)
(643100,3)
(9014900,3)
(7429600,3)
(2189600,3)
(1879300,3)
(3386500,3)
(1144300,3)
(10356400,3)
(9350500,3)
(3409800,3)
(1909300,3)
(1568200,3)
(3351000,3)
(4327400,3)
(10654600,3)
(3410600,3)
(2835900,3)
(1688000,3)
(1520800,3)
(197300,3)
(1002100,3)
(7794600,3)
(1523500,3)
(9986200,3)
(10101600,3)
(1285700,3)
(4169800,3)
(6578700,3)
(5775100,3)
(12600,3)
(15300,3)
(4997500,3)
(10560500,3)
(9971400,3)
(969000,3)
(8778600,3)
(3436500,3)
(4041400,3)
(457800,3)
(7388200,3)
(380500,3)
(4728000,3)
(797100,3)
(10183400,3)
(2037400,3)
(8401700,3)
(2262500,3)
(2387300,3)
(1212000,3)
(10237800,3)
(544400,3)
(4349500,3)
(5831600,3)
(779400,3)
(8877500,3)
(5743100,3)
(6698300,3)
(10154400,3)
(2300800,3)
(7258600,3)
(7411900,3)
(1388000,3)
(1644400,3)
(5782400,3)
(69100,3)
(4723100,3)
(2035200,3)
(9719800,3)
(4207000,3)
(7098900,3)
(9613800,3)
(7417200,3)
(9253900,3)
(9618100,3)
(3590500,3)
(2464200,3)
(6991000,3)
(2138500,3)
(4671700,3)
(10240500,3)
(1674400,3)
(9711900,3)
(8788600,3)
(6711500,3)
(4273000,3)
(7549600,3)
(4482100,3)
(1793500,3)
(6227700,3)
(2721700,3)
(9509600,3)
(11242900,3)
(1599900,3)
(5891000,3)
(1796200,3)
(4786800,3)
(8352600,3)
(5889400,3)
(4551800,3)
(8374000,3)
(2821200,3)
(5063200,3)
(1007600,3)
(3587800,3)
(8293800,3)
(4273700,3)
(7772500,3)
(1763500,3)
(1165400,3)
(9579100,3)
(9313700,3)
(2995700,3)
(4525400,3)
(281800,3)
(2973100,3)
(1105400,3)
(2396800,3)
(2778300,3)
(6602000,3)
(4267500,3)
(3471500,3)
(9547500,3)
(8907000,3)
(10039700,3)
(3908100,3)
(3472100,3)
(2200900,3)
(4955900,3)
(9205100,3)
(2840600,3)
(10719600,3)
(6908700,3)
(5252800,3)
(8804600,3)
(6788200,3)
(984700,3)
(9039000,3)
(700500,3)
(7073400,3)
(1230200,3)
(1665800,3)
(8396200,3)
(7824000,3)
(967800,3)
(1868900,3)
(6861500,3)
(4624800,3)
(10225900,3)
(2142200,3)
(4194700,3)
(7744600,3)
(9756500,3)
(5885800,3)
(901300,3)
(5601600,3)
(954200,3)
(1218800,3)
(5990900,3)
(5418700,3)
(7072600,3)
(302400,3)
(9567600,3)
(4404600,3)
(2120200,3)
(8995100,3)
(575100,3)
(10471800,3)
(6803100,3)
(1177700,3)
(5883900,3)
(282600,3)
(766200,3)
(2799500,3)
(8367900,3)
(2942900,3)
(2116300,3)
(4170700,3)
(4466200,3)
(4006400,3)
(542200,3)
(2823900,3)
(1041800,3)
(5408300,3)
(5029200,3)
(6524800,3)
(9729400,3)
(3166600,3)
(1530600,3)
(290500,3)
(7455600,3)
(7277100,3)
(4396400,3)
(1572800,3)
(7832900,3)
(7425800,3)
(9081900,3)
(2628400,3)
(417800,3)
(8974900,3)
(9620800,3)
(8675600,3)
(7194500,3)
(9650600,3)
(1480100,3)
(9550900,3)
(668200,3)
(10650800,3)
(6589800,3)
(6797900,3)
(5659800,3)
(2532200,3)
(9693600,3)
(929300,3)
(7759400,3)
(2102500,3)
(9209500,3)
(2370500,3)
(954800,3)
(8447600,3)
(10182500,3)
(1096900,3)
(10043000,3)
(4010200,3)
(9020900,3)
(7515100,3)
(1972200,3)
(9806800,3)
(1586200,3)
(6916200,3)
(9458500,3)
(1715600,3)
(8966500,3)
(1783600,3)
(9604100,3)
(10222900,3)
(8372700,3)
(7115200,3)
(8034000,3)
(10219000,3)
(8809700,3)
(8847800,3)
(418400,3)
(22900,3)
(10547500,3)
(442000,3)
(273300,3)
(8872600,3)
(995900,3)
(2996100,3)
(4700100,3)
(1667900,3)
(1592600,3)
(242100,3)
(8277900,3)
(82700,3)
(9139900,3)
(4574300,3)
(1431800,3)
(6694200,3)
(8308500,3)
(7109000,3)
(725000,3)
(9976800,3)
(7398700,3)
(4442900,3)
(2633400,3)
(8322600,3)
(3908600,3)
(3320600,3)
(10380200,3)
(5898000,3)
(1194500,3)
(7579700,3)
(5740300,3)
(6618500,3)
(1426300,3)
(9226700,3)
(2153300,3)
(5565700,3)
(7275400,3)
(9261700,3)
(887300,3)
(10517700,3)
(6807200,3)
(9939200,3)
(10183700,3)
(5613300,3)
(8294600,3)
(3416400,3)
(1022600,3)
(6856300,3)
(43800,3)
(7404600,3)
(661400,3)
(11258000,3)
(8546400,3)
(2598200,3)
(9786800,3)
(271900,3)
(3451300,3)
(10796000,3)
(8823200,3)
(4710400,3)
(8992000,3)
(9680600,3)
(5956200,3)
(1616400,3)
(2689800,3)
(9439800,3)
(6575000,3)
(1531400,3)
(3471900,3)
(10552000,3)
(893100,3)
(972800,3)
(5739100,3)
(8346100,3)
(8970600,3)
(10790500,3)
(3884900,3)
(2315700,3)
(789900,3)
(4325600,3)
(3176400,3)
(2200200,3)
(10435100,3)
(2032800,3)
(665000,3)
(175900,3)
(2362000,3)
(6793800,3)
(1686700,3)
(650100,3)
(439500,3)
(1909400,3)
(5242100,3)
(1631500,3)
(8075900,3)
(5458400,3)
(7374300,3)
(6721500,3)
(2147200,3)
(6873300,3)
(2968000,3)
(2252000,3)
(1702000,3)
(696900,3)
(8824200,3)
(562700,3)
(4720600,3)
(477200,3)
(8420800,3)
(8973900,3)
(2364700,3)
(4241400,3)
(3471600,3)
(844400,3)
(2035400,3)
(10258300,3)
(7039500,3)
(5457600,3)
(2623200,3)
(7580900,3)
(5674400,3)
(5805900,3)
(8925100,3)
(3478800,3)
(5043300,3)
(642600,3)
(4001800,3)
(8779600,3)
(3283100,3)
(1561800,3)
(2395000,3)
(10295300,3)
(9572300,3)
(2332600,3)
(8963200,3)
(3093900,3)
(2393000,3)
(9240400,3)
(7024700,3)
(3910300,3)
(1633300,3)
(690400,3)
(6723600,3)
(1829200,3)
(3978800,3)
(1657900,3)
(88900,3)
(1485700,3)
(197500,3)
(1036800,3)
(6888700,3)
(2538400,3)
(4463500,3)
(2121300,3)
(7067800,3)
(5049700,3)
(10801500,3)
(5802200,3)
(6699600,3)
(6793100,3)
(3485000,3)
(9916100,3)
(1347300,3)
(9232700,3)
(2086300,3)
(1666700,3)
(8767100,3)
(902900,3)
(3004500,3)
(5614000,3)
(9643400,3)
(2095200,3)
(8899700,3)
(8821900,3)
(5745100,3)
(9532100,3)
(6593100,3)
(4982900,3)
(4532000,3)
(6332300,3)
(9201800,3)
(3544600,3)
(2082100,3)
(3128800,3)
(8220000,3)
(1698600,3)
(2053400,3)
(2423400,3)
(1933900,3)
(8460600,3)
(856500,3)
(9515700,3)
(4162600,3)
(9218900,3)
(9473500,3)
(9655600,3)
(1045900,3)
(9922300,3)
(9681200,3)
(3401000,3)
(636400,3)
(4617300,3)
(5105300,3)
(3269500,3)
(1367300,3)
(1090600,3)
(1034100,3)
(3895400,3)
(4956200,3)
(6803600,3)
(8839400,3)
(4000500,3)
(7070900,3)
(1150000,3)
(3200100,3)
(3274200,3)
(222400,3)
(2795800,3)
(2848200,3)
(3166000,3)
(2256100,3)
(9638300,3)
(4913400,3)
(3330200,3)
(9172000,3)
(9037300,3)
(8774600,3)
(5860000,3)
(4509800,3)
(2308500,3)
(6639900,3)
(820500,3)
(9121600,3)
(2175300,3)
(5616700,3)
(9009700,3)
(10185900,3)
(1216300,3)
(9540800,3)
(5420700,3)
(1665400,3)
(3232000,3)
(7398600,3)
(6631700,3)
(611500,3)
(2789600,3)
(1341900,3)
(1826800,3)
(7295500,3)
(9644100,3)
(935400,3)
(9197700,3)
(182700,3)
(268700,3)
(1887700,3)
(3521900,3)
(2096800,3)
(9039900,3)
(9778300,3)
(1366400,3)
(2797300,3)
(8985300,3)
(2977800,3)
(3250300,3)
(790200,3)
(9323200,3)
(4296400,3)
(1976400,3)
(8046300,3)
(3170500,3)
(3100500,3)
(7123500,3)
(1926100,3)
(9306800,3)
(1084200,3)
(4441800,3)
(280200,3)
(2511700,3)
(8319400,3)
(6936400,3)
(8942600,3)
(8842800,3)
(2869500,3)
(8605700,3)
(3372500,3)
(4820000,3)
(2601400,3)
(135000,3)
(3341800,3)
(2436400,3)
(8747100,3)
(1376300,3)
(6400200,3)
(5996600,3)
(1904700,3)
(2241100,3)
(9419500,3)
(2477700,3)
(8264400,3)
(2153600,3)
(1420100,3)
(6625800,3)
(9589800,3)
(138000,3)
(9082100,3)
(5912500,3)
(4593600,3)
(9385800,3)
(11122600,3)
(557800,3)
(2672500,3)
(2020600,3)
(9981000,3)
(3234100,3)
(1782000,3)
(927200,3)
(2187900,3)
(8255900,3)
(9424400,3)
(9465500,3)
(2284000,3)
(1836500,3)
(9960500,3)
(6820700,3)
(4586900,3)
(9240800,3)
(1845200,3)
(3579100,3)
(4170400,3)
(1021300,3)
(9421300,3)
(121800,3)
(2958400,3)
(10742700,3)
(5885500,3)
(7414400,3)
(495100,3)
(4587000,3)
(1165600,3)
(10970500,3)
(3544200,3)
(3601700,3)
(4008900,3)
(9741300,3)
(2487000,3)
(6913600,3)
(185100,3)
(2822600,3)
(5062600,3)
(2029400,3)
(3731600,3)
(4978700,3)
(3262200,3)
(705900,3)
(6940600,3)
(9923600,3)
(148000,3)
(722300,3)
(9214500,3)
(9648200,3)
(1655700,3)
(7121700,3)
(6572600,3)
(6839400,3)
(2204700,3)
(1658600,3)
(5829700,3)
(3391800,3)
(3515500,3)
(1002600,3)
(6601900,3)
(9703800,3)
(2250400,3)
(4078300,3)
(2078800,3)
(7400300,3)
(1316700,3)
(3508800,3)
(4965600,3)
(7129900,3)
(529800,3)
(4701100,3)
(9446600,3)
(2473500,3)
(9121000,3)
(2680100,3)
(10036300,3)
(10074000,3)
(1940000,3)
(7254700,3)
(10378500,3)
(3262800,3)
(3360600,3)
(7949700,3)
(3637700,3)
(8290000,3)
(699400,3)
(7433800,3)
(3351900,3)
(9075800,3)
(7471800,3)
(7382200,3)
(3530200,3)
(9527700,3)
(1360100,3)
(9404200,3)
(10664500,3)
(2787900,3)
(2500500,3)
(2836500,3)
(3433600,3)
(8963000,3)
(9677200,3)
(9424000,3)
(1759900,3)
(9083800,3)
(6532700,3)
(3587700,3)
(7131900,3)
(1778000,3)
(4836200,3)
(4987100,3)
(5331700,3)
(2336500,3)
(438800,3)
(9878200,3)
(4530400,3)
(1470900,3)
(7777200,3)
(9511200,3)
(441600,3)
(8964900,3)
(10383700,3)
(6710700,3)
(3231400,3)
(10997200,3)
(1840700,3)
(48200,3)
(1438700,3)
(5475400,3)
(1028900,3)
(8976200,3)
(1306300,3)
(9015900,3)
(8467400,3)
(875400,3)
(6605200,3)
(1788200,3)
(9914100,3)
(6771200,3)
(1000700,3)
(4402300,3)
(6451800,3)
(7483800,3)
(3926300,3)
(9485400,3)
(3063600,3)
(10435600,3)
(6791300,3)
(9888900,3)
(9165200,3)
(8453200,3)
(2789000,3)
(10299800,3)
(9218700,3)
(9317400,3)
(3429700,3)
(9012200,3)
(2763800,3)
(9355400,3)
(3331300,3)
(3919700,3)
(9903500,3)
(601800,3)
(5736500,3)
(648400,3)
(5371600,3)
(6945600,3)
(8765800,3)
(5485700,3)
(2887600,3)
(5543200,3)
(4024100,3)
(9371900,3)
(5944400,3)
(6889400,3)
(6642900,3)
(1355500,3)
(9191500,3)
(2510200,3)
(305700,3)
(2300400,3)
(8934300,3)
(4557900,3)
(1689500,3)
(1531300,3)
(1723000,3)
(135600,3)
(1833600,3)
(1873000,3)
(8601500,3)
(1832300,3)
(6815300,3)
(3387100,3)
(8555900,3)
(8649400,3)
(1757100,3)
(5515500,3)
(5031000,3)
(4412500,3)
(7469600,3)
(6757000,3)
(1311800,3)
(4234400,3)
(8970700,3)
(2846400,3)
(1271000,3)
(9777000,3)
(1171500,3)
(5597900,3)
(6940500,3)
(1468200,3)
(6717500,3)
(8931400,3)
(8290800,3)
(2022700,3)
(372800,3)
(1416600,3)
(2184400,3)
(6724700,3)
(8392400,3)
(9317300,3)
(5347100,3)
(9125900,3)
(206500,3)
(5890200,3)
(3905300,3)
(4679200,3)
(6887100,3)
(9006300,3)
(8437500,3)
(696100,3)
(918300,3)
(7054300,3)
(6812600,3)
(9293300,3)
(3006400,3)
(5475500,3)
(1434400,3)
(11014800,3)
(9048800,3)
(4387400,3)
(140200,3)
(3561500,3)
(4288900,3)
(6349900,3)
(2343700,3)
(4504400,3)
(8920800,3)
(9546000,3)
(4674500,3)
(211900,3)
(8887700,3)
(3532000,3)
(7187200,3)
(3201900,3)
(769700,3)
(2674500,3)
(7999000,3)
(4473700,3)
(3125400,3)
(4239300,3)
(1870100,3)
(9977500,3)
(1982500,3)
(5777700,3)
(6941000,3)
(8003100,3)
(1812200,3)
(194700,3)
(8539800,3)
(951600,3)
(6806700,3)
(9122800,3)
(3389100,3)
(699100,3)
(2954100,3)
(9350700,3)
(595100,3)
(5335300,3)
(100900,3)
(6806400,3)
(110100,3)
(8943900,3)
(4794100,3)
(2902700,3)
(8727300,3)
(993000,3)
(6833400,3)
(1740800,3)
(4848600,3)
(6685500,3)
(5514200,3)
(9116900,3)
(6711100,3)
(6784600,3)
(226700,3)
(6658900,3)
(3507800,3)
(10064200,3)
(6527300,3)
(5616900,3)
(940500,3)
(9060700,3)
(1184100,3)
(8003500,3)
(1615800,3)
(8782100,3)
(1838900,3)
(9078900,3)
(1052900,3)
(2391500,3)
(6736200,3)
(4382200,3)
(2974300,3)
(4855500,3)
(2283300,3)
(7891600,3)
(10314600,3)
(5895800,3)
(2767300,3)
(2630700,3)
(1781500,3)
(2050900,3)
(828900,3)
(5734900,3)
(253600,3)
(9782600,3)
(8784500,3)
(4999100,3)
(5569600,3)
(3361700,3)
(970400,3)
(9313800,3)
(1363500,3)
(4452100,3)
(10268600,3)
(4223000,3)
(4800200,3)
(9091200,3)
(5884200,3)
(6554800,3)
(3225300,3)
(6686200,3)
(8324500,3)
(9827800,3)
(10788400,3)
(9239800,3)
(3058600,3)
(1189500,3)
(9521700,3)
(5971900,3)
(1526900,3)
(9392900,3)
(9336700,3)
(1629300,3)
(7271400,3)
(9549800,3)
(10973700,3)
(1930900,3)
(8299800,3)
(5349300,3)
(2847700,3)
(2392200,3)
(9606900,3)
(4673700,3)
(9259500,3)
(206900,3)
(10387100,3)
(10822800,3)
(7392100,3)
(6707300,3)
(4210200,3)
(10856000,3)
(3111100,3)
(267800,3)
(7110100,3)
(8847700,3)
(996800,3)
(9542200,3)
(889000,3)
(5615900,3)
(3217300,3)
(3434600,3)
(2661200,3)
(1512800,3)
(3384600,3)
(9025400,3)
(3999100,3)
(5580300,3)
(1795500,3)
(9807500,3)
(1440600,3)
(9905100,3)
(6804100,3)
(9304300,3)
(3103600,3)
(10003800,3)
(7404900,3)
(9653600,3)
(4456700,3)
(9959400,3)
(4291600,3)
(9167500,3)
(2441900,3)
(966200,3)
(7781200,3)
(4463400,3)
(9671500,3)
(2951100,3)
(6716200,3)
(6695100,3)
(4133300,3)
(2355900,3)
(2035800,3)
(1306200,3)
(8404400,3)
(1737200,3)
(2006400,3)
(1693700,3)
(3307200,3)
(1177000,3)
(8306500,3)
(10993500,3)
(8597200,3)
(1938400,3)
(3070200,3)
(1371300,3)
(6614600,3)
(1302500,3)
(428700,3)
(2637700,3)
(9614600,3)
(4844700,3)
(715000,3)
(9019900,3)
(890100,3)
(1801000,3)
(1916800,3)
(654200,3)
(1374400,3)
(4195100,3)
(1900700,3)
(1054200,3)
(5556100,3)
(4496400,3)
(6728300,3)
(3451200,3)
(6912900,3)
(9101500,3)
(8924600,3)
(1821500,3)
(8674800,3)
(6532600,3)
(10058500,3)
(3932500,3)
(1964900,3)
(912100,3)
(7186100,3)
(4144000,3)
(899600,3)
(4384200,3)
(8929900,3)
(5737900,3)
(138600,3)
(2962100,3)
(10021300,3)
(744000,3)
(4671600,3)
(2129300,3)
(9835100,3)
(9622700,3)
(2607100,3)
(9281700,3)
(4369800,3)
(4199400,3)
(10002900,3)
(4013700,3)
(2251500,3)
(9920200,3)
(5974400,3)
(9162300,3)
(1843800,3)
(10182400,3)
(3526600,3)
(6937300,3)
(4821400,3)
(10440400,3)
(1013100,3)
(3942100,3)
(4179900,3)
(64600,3)
(6788600,3)
(6507000,3)
(1714900,3)
(6514600,3)
(9369100,3)
(1761900,3)
(3284800,3)
(9045700,3)
(6886200,3)
(6828000,3)
(1721500,3)
(3231900,3)
(6251500,3)
(5372200,3)
(206000,3)
(3275400,3)
(9494300,3)
(10296300,3)
(9018200,3)
(598400,3)
(9365700,3)
(1521000,3)
(8749400,3)
(107300,3)
(8315700,3)
(501100,3)
(4326200,3)
(1195000,3)
(9450900,3)
(2100,3)
(8036700,3)
(8553600,3)
(542400,3)
(5348000,3)
(6879100,3)
(9231700,3)
(9409800,3)
(3656800,3)
(5720500,3)
(9824900,3)
(6799000,3)
(6762800,3)
(10588700,3)
(9101200,3)
(3563000,3)
(1117600,3)
(5790600,3)
(10589600,3)
(2364900,3)
(9065600,3)
(2677500,3)
(2715400,3)
(2518600,3)
(419400,3)
(1443600,3)
(2032700,3)
(4279300,3)
(1494700,3)
(11036100,3)
(789500,3)
(2790000,3)
(9283200,3)
(4320300,3)
(2869000,3)
(6746900,3)
(9990500,3)
(6571500,3)
(9361900,3)
(4381700,3)
(5952600,3)
(2773600,3)
(7499700,3)
(3115900,3)
(10780300,3)
(9255200,3)
(1318400,3)
(9544100,3)
(6747800,3)
(4724300,3)
(8995800,3)
(9159000,3)
(11252300,3)
(3270300,3)
(4220000,3)
(1586600,3)
(1527800,3)
(961500,3)
(9258300,3)
(4235800,3)
(7145200,3)
(4961800,3)
(9250800,3)
(9687800,3)
(8812400,3)
(1950300,3)
(10720800,3)
(8319800,3)
(6473100,3)
(9089600,3)
(7387600,3)
(2189100,3)
(7586200,3)
(3587400,3)
(10204600,3)
(7092300,3)
(1410700,3)
(3414500,3)
(3567000,3)
(68000,3)
(406200,3)
(10743000,3)
(1956000,3)
(7056600,3)
(450700,3)
(4438500,3)
(8251800,3)
(9702200,3)
(3359100,3)
(1037300,3)
(1386500,3)
(2687900,3)
(1537300,3)
(4167000,3)
(9341100,3)
(5346800,3)
(552800,3)
(7804100,3)
(1459200,3)
(10759400,3)
(9985700,3)
(977900,3)
(10093200,3)
(1430000,3)
(8966100,3)
(6902700,3)
(6559800,3)
(8365200,3)
(3451900,3)
(2866300,3)
(691700,3)
(5364800,3)
(6315400,3)
(1123400,3)
(3319700,3)
(1647900,3)
(9712400,3)
(2610300,3)
(6525300,3)
(1749000,3)
(4436500,3)
(1335800,3)
(282000,3)
(4460400,3)
(6702500,3)
(9258400,3)
(515600,3)
(1041900,3)
(1060400,3)
(10297500,3)
(1178800,3)
(2625100,3)
(9563500,3)
(1874400,3)
(906600,3)
(9819500,3)
(4936400,3)
(9399200,3)
(5056200,3)
(993300,3)
(793200,3)
(9399100,3)
(5619500,3)
(1173600,3)
(9218500,3)
(6940400,3)
(1194700,3)
(8277000,3)
(7051000,3)
(935600,3)
(8709400,3)
(2358400,3)
(9674200,3)
(6558000,3)
(224800,3)
(1579900,3)
(2409200,3)
(10032800,3)
(1937000,3)
(8857900,3)
(2892500,3)
(2198800,3)
(5762300,3)
(8988400,3)
(2859800,3)
(11187400,3)
(1585900,3)
(9280200,3)
(9420000,3)
(6793400,3)
(4860400,3)
(789000,3)
(9887900,3)
(7261400,3)
(9580200,3)
(3027400,3)
(420200,3)
(4863800,3)
(6623300,3)
(6077800,3)
(2117600,3)
(3546800,3)
(2185200,3)
(1411800,3)
(1049300,3)
(9951400,3)
(2979600,3)
(1952000,3)
(9585700,3)
(1205200,3)
(4096700,3)
(3050500,3)
(395800,3)
(1687400,3)
(7070500,3)
(1094200,3)
(4242600,3)
(2079200,3)
(36900,3)
(1557600,3)
(8964200,3)
(6755200,3)
(4169600,3)
(7916100,3)
(10200500,3)
(2415900,3)
(6503700,3)
(1953700,3)
(10842500,3)
(697800,3)
(10738200,3)
(3474800,3)
(6574700,3)
(10227900,3)
(667300,3)
(6588700,3)
(1791500,3)
(3533200,3)
(9440700,3)
(9606600,3)
(10238300,3)
(4960300,3)
(8904300,3)
(5991100,3)
(9227200,3)
(7184200,3)
(1448600,3)
(9482200,3)
(8414800,3)
(2357600,3)
(1821800,3)
(1732200,3)
(8900800,3)
(592900,3)
(5446600,3)
(9675900,3)
(2387500,3)
(3276100,3)
(6645200,3)
(8848500,3)
(1118800,3)
(437900,3)
(7154000,3)
(2452700,3)
(1080400,3)
(8319600,3)
(1465300,3)
(10256300,3)
(9776600,3)
(9591500,3)
(5984800,3)
(8803400,3)
(354400,3)
(575800,3)
(6897700,3)
(4730000,3)
(6742800,3)
(1072900,3)
(6697400,3)
(6912500,3)
(4986700,3)
(1547400,3)
(409600,3)
(10952700,3)
(6553800,3)
(7068600,3)
(4407000,3)
(70400,3)
(1536500,3)
(9049000,3)
(3249200,3)
(3160100,3)
(3323300,3)
(3503800,3)
(4521900,3)
(1324600,3)
(10543000,3)
(6819500,3)
(4155700,3)
(3163600,3)
(1502400,3)
(1370300,3)
(7067200,3)
(3271400,3)
(10711800,3)
(592500,3)
(4232100,3)
(10548900,3)
(1179600,3)
(4198100,3)
(633600,3)
(5517200,3)
(9154000,3)
(7068000,3)
(2824900,3)
(9217500,3)
(5732100,3)
(2043500,3)
(6698400,3)
(9428900,3)
(6517600,3)
(5463700,3)
(7287300,3)
(159200,3)
(4282800,3)
(5400100,3)
(1365000,3)
(3359000,3)
(595600,3)
(1779700,3)
(1618000,3)
(9248500,3)
(4961900,3)
(4853100,3)
(1783200,3)
(112900,3)
(2824500,3)
(7091700,3)
(2488400,3)
(4674200,3)
(4219000,3)
(9098300,3)
(2808000,3)
(1094400,3)
(1484000,3)
(7065700,3)
(673600,3)
(2184500,3)
(1351700,3)
(3544700,3)
(4796900,3)
(3996100,3)
(9761600,3)
(2261400,3)
(7399100,3)
(5788300,3)
(4216400,3)
(3484400,3)
(116600,3)
(9493800,3)
(3291500,3)
(879200,3)
(4890300,3)
(9844700,3)
(6506100,3)
(2454500,3)
(2023700,3)
(535800,3)
(4616600,3)
(3378500,3)
(6621100,3)
(7550900,3)
(7438600,3)
(155200,3)
(9975300,3)
(9868800,3)
(9467000,3)
(1920700,3)
(614500,3)
(11087000,3)
(1767600,3)
(8965400,3)
(7818900,3)
(3577300,3)
(5551900,3)
(1957700,3)
(5732900,3)
(10347100,3)
(4112300,3)
(9330800,3)
(3293500,3)
(8881800,3)
(2792300,3)
(9268100,3)
(9395900,3)
(3349900,3)
(4389400,3)
(8444200,3)
(7282200,3)
(2455700,3)
(4179700,3)
(6787800,3)
(8248100,3)
(3466600,3)
(2465200,3)
(7248900,3)
(2465400,3)
(8863200,3)
(9213500,3)
(9464500,3)
(1001300,3)
(1605200,3)
(660200,3)
(2574000,3)
(3541700,3)
(9991300,3)
(861400,3)
(9087500,3)
(6626700,3)
(8107600,3)
(7472700,3)
(2814900,3)
(2631200,3)
(9131900,3)
(4154800,3)
(1684400,3)
(4524100,3)
(9080300,3)
(432600,3)
(9150200,3)
(891800,3)
(1973800,3)
(4175400,3)
(9345900,3)
(8906900,3)
(3049000,3)
(3083700,3)
(8959800,3)
(186300,3)
(9597500,3)
(10631100,3)
(7119500,3)
(6800100,3)
(7149400,3)
(5876400,3)
(9339900,3)
(1688100,3)
(2110200,3)
(9261200,3)
(7113000,3)
(427600,3)
(3316100,3)
(823900,3)
(6729500,3)
(3094600,3)
(1934500,3)
(2386000,3)
(1486800,3)
(2064500,3)
(3486900,3)
(7636400,3)
(9315100,3)
(2775600,3)
(5709300,3)
(6638100,3)
(7572300,3)
(7726400,3)
(4954800,3)
(1697400,3)
(9182200,3)
(6557300,3)
(2597800,3)
(4487600,3)
(8815700,3)
(5455300,3)
(6643100,3)
(9459200,3)
(8537100,3)
(9979400,3)
(9183300,3)
(2327500,3)
(6862000,3)
(2310900,3)
(76800,3)
(2136500,3)
(1079700,3)
(592300,3)
(9940500,3)
(8592000,3)
(766000,3)
(4391400,3)
(4123700,3)
(7424500,3)
(6565100,3)
(3146400,3)
(10384100,3)
(8851600,3)
(590300,3)
(1725100,3)
(8325100,3)
(1510400,3)
(22500,3)
(6746200,3)
(7139200,3)
(9643100,3)
(6525900,3)
(1027800,3)
(1669600,3)
(2358300,3)
(5984300,3)
(8877700,3)
(2503300,3)
(6799900,3)
(7585200,3)
(8812600,3)
(3924500,3)
(4790700,3)
(4382100,3)
(2390100,3)
(9632200,3)
(6587000,3)
(613300,3)
(5673200,3)
(6538600,3)
(76900,3)
(8909200,3)
(3908400,3)
(9470100,3)
(377700,3)
(185800,3)
(4072300,3)
(10518400,3)
(9050700,3)
(1529600,3)
(2866600,3)
(1583500,3)
(8995900,3)
(9096300,3)
(4227900,3)
(7560400,3)
(1300300,3)
(4153200,3)
(5416100,3)
(3188100,3)
(1065500,3)
(5061300,3)
(142200,3)
(2797100,3)
(683800,3)
(10160100,3)
(9263100,3)
(214700,3)
(494100,3)
(1197000,3)
(671200,3)
(9005300,3)
(10348800,3)
(272700,3)
(651000,3)
(6780000,3)
(10068900,3)
(5808500,3)
(10545000,3)
(669900,3)
(1673500,3)
(9571300,3)
(1173700,3)
(4388700,3)
(2485200,3)
(6772700,3)
(4176900,3)
(5725900,3)
(2857400,3)
(1744000,3)
(5293000,3)
(8779900,3)
(6633900,3)
(7818800,3)
(9208400,3)
(4222100,3)
(982800,3)
(6858000,3)
(4382300,3)
(9074800,3)
(9673800,3)
(8540300,3)
(3897400,3)
(933300,3)
(9623700,3)
(5762400,3)
(2634400,3)
(8935700,3)
(3328300,3)
(1538300,3)
(6603400,3)
(8583900,3)
(3112800,3)
(4140400,3)
(2474200,3)
(6855600,3)
(9439500,3)
(5492200,3)
(2515000,3)
(9932000,3)
(2031900,3)
(2408900,3)
(32700,3)
(6823100,3)
(66600,3)
(9908200,3)
(9496900,3)
(3450800,3)
(170400,3)
(2771900,3)
(2071800,3)
(5734000,3)
(10565200,3)
(9787400,3)
(4208000,3)
(6795900,3)
(739000,3)
(5983700,3)
(731200,3)
(1644900,3)
(5849800,3)
(1379800,3)
(5674700,3)
(7053700,3)
(6916500,3)
(9063800,3)
(9885800,3)
(7364700,3)
(1317700,3)
(2885300,3)
(4034200,3)
(5542600,3)
(1554000,3)
(8558900,3)
(236500,3)
(7053800,3)
(1804300,3)
(2825000,3)
(6542100,3)
(8982500,3)
(8815100,3)
(1540200,3)
(9411000,3)
(4233300,3)
(6855800,3)
(4234300,3)
(4695900,3)
(6629500,3)
(2967700,3)
(9308100,3)
(8247100,3)
(1378200,3)
(2153400,3)
(3325300,3)
(2974200,3)
(9157500,3)
(2719800,3)
(3623100,3)
(5889600,3)
(3342000,3)
(937400,3)
(990100,3)
(7205800,3)
(9740300,3)
(7036600,3)
(5306700,3)
(713000,3)
(5026900,3)
(10329000,3)
(9150000,3)
(4168400,3)
(1614500,3)
(3166300,3)
(2249300,3)
(7454400,3)
(709700,3)
(9516700,3)
(719200,3)
(1197200,3)
(8314300,3)
(167900,3)
(8876500,3)
(5247000,3)
(786100,3)
(408600,3)
(6739900,3)
(6789800,3)
(10230300,3)
(9411300,3)
(8953800,3)
(1457400,3)
(4082100,3)
(3478000,3)
(10864900,3)
(10848800,3)
(7419600,3)
(9223900,3)
(5430700,3)
(8735000,3)
(8642700,3)
(9149900,3)
(8844300,3)
(3493100,3)
(2123300,3)
(584200,3)
(9014100,3)
(2641300,3)
(5198900,3)
(6709700,3)
(10664600,3)
(10343800,3)
(9901400,3)
(8802000,3)
(8085100,3)
(4416400,3)
(3229000,3)
(6932400,3)
(1605300,3)
(17800,3)
(1916700,3)
(4995300,3)
(427000,3)
(8677900,3)
(5016800,3)
(2063600,3)
(938000,3)
(5571200,3)
(1759700,3)
(9091900,3)
(8964700,3)
(4691600,3)
(9201500,3)
(7527000,3)
(6745400,3)
(1237500,3)
(6618000,3)
(4353800,3)
(5398900,3)
(2357800,3)
(3488100,3)
(8865700,3)
(3150900,3)
(1045000,3)
(7670500,3)
(2510400,3)
(4152700,3)
(3742700,3)
(9165400,3)
(2322700,3)
(601900,3)
(5560500,3)
(2890200,3)
(912400,3)
(3550400,3)
(730700,3)
(5712000,3)
(2505200,3)
(6690900,3)
(591500,3)
(9039700,3)
(989900,3)
(8419900,3)
(10096600,3)
(91000,3)
(9120100,3)
(5598300,3)
(3256400,3)
(9102400,3)
(1083700,3)
(9966000,3)
(2062800,3)
(898800,3)
(2892800,3)
(5738200,3)
(2336800,3)
(1741700,3)
(2770100,3)
(2018000,3)
(9809000,3)
(7036300,3)
(2421600,3)
(5239200,3)
(2954800,3)
(3516700,3)
(3988400,3)
(2133400,3)
(5510700,3)
(2749500,3)
(9811300,3)
(6580300,3)
(2016800,3)
(7488200,3)
(428600,3)
(9947200,3)
(126000,3)
(10273200,3)
(10352900,3)
(8775500,3)
(8936500,3)
(2833600,3)
(6518000,3)
(5600000,3)
(5040300,3)
(3566700,3)
(42600,3)
(2939800,3)
(7034400,3)
(7403800,3)
(10213400,3)
(9917300,3)
(1422200,3)
(1164800,3)
(2616000,3)
(5316600,3)
(6573300,3)
(1230100,3)
(7048300,3)
(3228300,3)
(9487100,3)
(2091100,3)
(9260100,3)
(8953400,3)
(299700,3)
(1779000,3)
(4024000,3)
(4679800,3)
(673500,3)
(6733500,3)
(8416400,3)
(1485400,3)
(8326900,3)
(2355000,3)
(6889800,3)
(4502000,3)
(9369300,3)
(5953200,3)
(2174000,3)
(2420700,3)
(1511400,3)
(9245100,3)
(2340000,3)
(6598800,3)
(1492100,3)
(8245900,3)
(3098000,3)
(8775800,3)
(4869100,3)
(11085000,3)
(1600200,3)
(3471000,3)
(1816500,3)
(9945400,3)
(261300,3)
(2316800,3)
(9022900,3)
(2814000,3)
(1235900,3)
(1722900,3)
(913900,3)
(10291300,3)
(7040400,3)
(234200,3)
(4158700,3)
(9513900,3)
(6637700,3)
(5039500,3)
(2406300,3)
(3651000,3)
(9757500,3)
(6693100,3)
(2072400,3)
(2600000,3)
(2897800,3)
(3013600,3)
(1899700,3)
(2415400,3)
(1961400,3)
(2779900,3)
(1046800,3)
(10039400,3)
(2016400,3)
(5819600,3)
(1737000,3)
(7056200,3)
(6841900,3)
(4951800,3)
(785000,3)
(5897000,3)
(9247100,3)
(437200,3)
(3331700,3)
(8887400,3)
(9741400,3)
(5972800,3)
(5754600,3)
(9275700,3)
(7590400,3)
(3257000,3)
(8637800,3)
(9094900,3)
(9919400,3)
(10428500,3)
(2808900,3)
(1455100,3)
(7051400,3)
(2616100,3)
(412600,3)
(7382900,3)
(1769800,3)
(3072600,3)
(4531300,3)
(1929600,3)
(443900,3)
(6847400,3)
(296600,3)
(8562100,3)
(2899900,3)
(1112200,3)
(291800,3)
(1202800,3)
(9616500,3)
(885200,3)
(6270300,3)
(1686300,3)
(2173000,3)
(6898300,3)
(389800,3)
(3920400,3)
(8734300,3)
(1021700,3)
(907400,3)
(9541300,3)
(209800,3)
(4951200,3)
(2451100,3)
(3136100,3)
(3430600,3)
(4625200,3)
(5964500,3)
(1286900,3)
(10276400,3)
(3141700,3)
(290300,3)
(2048900,3)
(2263900,3)
(2209900,3)
(1457600,3)
(9304600,3)
(2967000,3)
(8880800,3)
(9134000,3)
(9564400,3)
(3066200,3)
(9002200,3)
(2293100,3)
(4233000,3)
(9166800,3)
(9693000,3)
(221700,3)
(1313800,3)
(2166300,3)
(4713300,3)
(3479900,3)
(5868500,3)
(1641700,3)
(4839300,3)
(3432400,3)
(1619900,3)
(8936700,3)
(9623600,3)
(9274700,3)
(1447300,3)
(1533100,3)
(1224600,3)
(2816400,3)
(2324600,3)
(1336100,3)
(1639600,3)
(2458100,3)
(922700,3)
(1467400,3)
(3432500,3)
(6769100,3)
(1303300,3)
(7794000,3)
(5513000,3)
(5753100,3)
(9224500,3)
(1459800,3)
(7659700,3)
(1570200,3)
(416700,3)
(3382300,3)
(3999700,3)
(2020700,3)
(3507100,3)
(5431600,3)
(8875600,3)
(4995200,3)
(9098900,3)
(7263100,3)
(2290800,3)
(9099900,3)
(4684800,3)
(8961300,3)
(8791500,3)
(6749000,3)
(9254000,3)
(7528600,3)
(751400,3)
(4114100,3)
(9620000,3)
(7130200,3)
(8952500,3)
(5359800,3)
(3519100,3)
(977000,3)
(4575200,3)
(1981000,3)
(2212200,3)
(1324800,3)
(9401500,3)
(9751600,3)
(9951200,3)
(283900,3)
(2031800,3)
(4868900,3)
(3438900,3)
(1449000,3)
(1728100,3)
(7390500,3)
(703100,3)
(3276600,3)
(6564400,3)
(1354500,3)
(2765900,3)
(4715600,3)
(8900000,3)
(10752400,3)
(2124900,3)
(3461500,3)
(4683500,3)
(376200,3)
(1009800,3)
(1921500,3)
(9151900,3)
(8940300,3)
(7287200,3)
(8823700,3)
(1689300,3)
(5465100,3)
(9210500,3)
(6627400,3)
(4496700,3)
(2784500,3)
(4185500,3)
(3594400,3)
(4533200,3)
(1086500,3)
(303400,3)
(189100,3)
(6857400,3)
(9966300,3)
(388100,3)
(3399300,3)
(9825000,3)
(5672300,3)
(1079300,3)
(2244400,3)
(8926000,3)
(6884400,3)
(4707200,3)
(9711600,3)
(8451500,3)
(7445200,3)
(4790900,3)
(4812400,3)
(2880600,3)
(168500,3)
(9704200,3)
(6517000,3)
(9697600,3)
(559000,3)
(9886700,3)
(3385400,3)
(1884300,3)
(9535000,3)
(4509900,3)
(4624900,3)
(7097900,3)
(3273100,3)
(5015300,3)
(1559700,3)
(3228400,3)
(7618100,3)
(10137700,3)
(3376300,3)
(9456200,3)
(6859500,3)
(243800,3)
(3035200,3)
(10499300,3)
(7951100,3)
(480600,3)
(2329600,3)
(10086500,3)
(8596200,3)
(9464900,3)
(9626800,3)
(9821700,3)
(2874500,3)
(3154400,3)
(1371600,3)
(1077500,3)
(5467700,3)
(6771300,3)
(11112700,3)
(1573500,3)
(9027000,3)
(9233300,3)
(2061800,3)
(7247200,3)
(8326700,3)
(9710600,3)
(84400,3)
(6067500,3)
(5486400,3)
(9328600,3)
(9832100,3)
(9805300,3)
(10197100,3)
(1614300,3)
(3379000,3)
(1891600,3)
(4025200,3)
(6882600,3)
(3122800,3)
(9460000,3)
(735400,3)
(6635100,3)
(10252200,3)
(4508800,3)
(10264700,3)
(194100,3)
(1228400,3)
(9826900,3)
(9154500,3)
(9206000,3)
(749400,3)
(841800,3)
(2868100,3)
(5585500,3)
(2951900,3)
(2781700,3)
(227800,3)
(4228200,3)
(4407300,3)
(6821700,3)
(6722500,3)
(9596700,3)
(4524900,3)
(5793700,3)
(6790700,3)
(9127700,3)
(6559600,3)
(2495100,3)
(9377700,3)
(748400,3)
(7423100,3)
(9739000,3)
(9662500,3)
(6748900,3)
(7224600,3)
(7961700,3)
(6713300,3)
(9358500,3)
(2949900,3)
(3396700,3)
(9078100,3)
(9134400,3)
(3551400,3)
(9891100,3)
(5716700,3)
(2967300,3)
(4939300,3)
(4220700,3)
(7380600,3)
(3176500,3)
(1348700,3)
(5494400,3)
(4710900,3)
(1875800,3)
(3368900,3)
(2061600,3)
(3335200,3)
(11049400,3)
(8917100,3)
(10401300,3)
(8351700,3)
(9180600,3)
(7109200,3)
(1787600,3)
(1155800,3)
(3716600,3)
(9755800,3)
(6688800,3)
(10138800,3)
(3925400,3)
(7411100,3)
(2186000,3)
(1985200,3)
(962000,3)
(58600,3)
(1630700,3)
(1180100,3)
(3486200,3)
(8972500,3)
(1320900,3)
(10152800,3)
(10605100,3)
(8991100,3)
(2966600,3)
(1576200,3)
(9834300,3)
(5172100,3)
(6835400,3)
(9031500,3)
(1728400,3)
(10260900,3)
(7119300,3)
(9159700,3)
(8754600,3)
(183700,3)
(863900,3)
(707400,3)
(9237000,3)
(5500,3)
(9158200,3)
(10591400,3)
(9494100,3)
(9259800,3)
(6786900,3)
(10443500,3)
(9322500,3)
(4682300,3)
(1662700,3)
(1716200,3)
(11114700,3)
(9556000,3)
(418800,3)
(1786500,3)
(5047800,3)
(984900,3)
(9873100,3)
(4701800,3)
(6157300,3)
(6825900,3)
(393300,3)
(7279000,3)
(10412600,3)
(1730300,3)
(1935000,3)
(2958800,3)
(5670900,3)
(10284000,3)
(5481900,3)
(8933200,3)
(8867000,3)
(9912700,3)
(3219100,3)
(615500,3)
(1585600,3)
(9386000,3)
(4949100,3)
(2536700,3)
(8787000,3)
(1813000,3)
(2609600,3)
(655800,3)
(9804700,3)
(8725900,3)
(9367300,3)
(2200,3)
(9428300,3)
(1951400,3)
(3048700,3)
(991800,3)
(2130600,3)
(4687600,3)
(1253600,3)
(729800,3)
(3907500,3)
(3515400,3)
(9409000,3)
(7379500,3)
(3400,3)
(5041500,3)
(839000,3)
(6706100,3)
(2893500,3)
(9594900,3)
(977600,3)
(6888400,3)
(9853300,3)
(241400,3)
(3990600,3)
(9192600,3)
(2504600,3)
(4975900,3)
(6645900,3)
(3402000,3)
(3032500,3)
(3908300,3)
(1572400,3)
(1372500,3)
(3264500,3)
(6616200,3)
(7286200,3)
(9834700,3)
(1419400,3)
(2498600,3)
(4030600,3)
(10713700,3)
(4077300,3)
(3144200,3)
(1450900,3)
(9240500,3)
(698000,3)
(749600,3)
(4849100,3)
(3417900,3)
(1067900,3)
(6820600,3)
(127200,3)
(530700,3)
(10664300,3)
(1605700,3)
(2265700,3)
(3476100,3)
(2619900,3)
(66900,3)
(402100,3)
(1237000,3)
(7898200,3)
(1360600,3)
(591800,3)
(7260200,3)
(4794500,3)
(4042500,3)
(5928300,3)
(4459800,3)
(8084700,3)
(3448900,3)
(7184500,3)
(1989600,3)
(5968200,3)
(1644300,3)
(4936200,3)
(7284800,3)
(472900,3)
(4999900,3)
(1523900,3)
(3608200,3)
(1638700,3)
(640300,3)
(1777900,3)
(3008000,3)
(9343400,3)
(1200100,3)
(2947700,3)
(8928700,3)
(9227700,3)
(3431300,3)
(8199900,3)
(2501600,3)
(2994700,3)
(7272600,3)
(3527200,3)
(4086600,3)
(1962000,3)
(9626900,3)
(2123700,3)
(3026100,3)
(6560000,3)
(8959600,3)
(1084800,3)
(1225300,3)
(6552400,3)
(4993000,3)
(7419100,3)
(3907900,3)
(9023400,3)
(9894300,3)
(7394300,3)
(10472000,3)
(3549700,3)
(9432700,3)
(10414900,3)
(5364200,3)
(5429800,3)
(210400,3)
(4789400,3)
(3667500,3)
(3903200,3)
(5800600,3)
(31200,3)
(4165900,3)
(9948000,3)
(5379000,3)
(2640900,3)
(3997600,3)
(1441500,3)
(9720300,3)
(9753500,3)
(2128200,3)
(7093400,3)
(134300,3)
(2791700,3)
(10149200,3)
(3559300,3)
(8946100,3)
(8892800,3)
(2864300,3)
(6610300,3)
(3274800,3)
(7030200,3)
(4240500,3)
(4818200,3)
(3127700,3)
(3166400,3)
(6612600,3)
(420400,3)
(9059600,3)
(5913600,3)
(228200,3)
(3983100,3)
(8295000,3)
(549800,3)
(5740200,3)
(4818900,3)
(9281400,3)
(648800,3)
(2769600,3)
(1386400,3)
(6805900,3)
(4237400,3)
(8370400,3)
(2078900,3)
(2439600,3)
(1714500,3)
(5724400,3)
(5890400,3)
(4975600,3)
(3921000,3)
(7812100,3)
(8315100,3)
(8651100,3)
(6597900,3)
(2787400,3)
(4225500,3)
(5549900,3)
(6787700,3)
(995100,3)
(8901200,3)
(4513700,3)
(9644400,3)
(9401300,3)
(7264200,3)
(1374800,3)
(2538100,3)
(3995000,3)
(8902100,3)
(9468500,3)
(9187500,3)
(9578200,3)
(9508600,3)
(9168200,3)
(1480900,3)
(1786400,3)
(1226400,3)
(3331100,3)
(6815800,3)
(9575100,3)
(10135800,3)
(2240100,3)
(8939800,3)
(8961000,3)
(57100,3)
(9723300,3)
(9114700,3)
(9033800,3)
(3532900,3)
(9908100,3)
(199300,3)
(9738600,3)
(4158900,3)
(7298600,3)
(8363400,3)
(3295800,3)
(573600,3)
(4903500,3)
(410900,3)
(3671200,3)
(3569000,3)
(4857100,3)
(6890300,3)
(9478300,3)
(10596900,3)
(10193500,3)
(6056400,3)
(9623500,3)
(902600,3)
(8811800,3)
(9405700,3)
(2629000,3)
(783800,3)
(1592200,3)
(5675600,3)
(2838200,3)
(1866000,3)
(9107700,3)
(6719300,3)
(8471400,3)
(9182100,3)
(7098100,3)
(1802700,3)
(4515500,3)
(5266400,3)
(1101300,3)
(9942400,3)
(4934400,3)
(1257800,3)
(2483600,3)
(261100,3)
(1608200,3)
(4790100,3)
(1281700,3)
(7055700,3)
(7570900,3)
(1042400,3)
(4495300,3)
(4684900,3)
(259100,3)
(8217100,3)
(4707000,3)
(10048600,3)
(4066200,3)
(6914300,3)
(1858900,3)
(9387600,3)
(192300,3)
(382900,3)
(3610200,3)
(9512000,3)
(9563400,3)
(1024300,3)
(8729300,3)
(9298500,3)
(3049900,3)
(8299100,3)
(1775900,3)
(1487600,3)
(8246300,3)
(298100,3)
(2692900,3)
(9903200,3)
(9365400,3)
(7382400,3)
(1199700,3)
(729100,3)
(4934300,3)
(2066200,3)
(2871300,3)
(1324200,3)
(9973800,3)
(2318200,3)
(656700,3)
(1949200,3)
(8301700,3)
(10135600,3)
(5473000,3)
(6561600,3)
(3431000,3)
(9312300,3)
(402400,3)
(860500,3)
(2827500,3)
(26700,3)
(644800,3)
(9273700,3)
(7352700,3)
(8327600,3)
(4105600,3)
(1642600,3)
(7119100,3)
(9166700,3)
(9846100,3)
(9418300,3)
(2607600,3)
(1069200,3)
(4013100,3)
(1664700,3)
(2526400,3)
(4940000,3)
(5497500,3)
(4853500,3)
(5616800,3)
(508800,3)
(1554600,3)
(2068300,3)
(7054800,3)
(7129500,3)
(10797100,3)
(7479700,3)
(4406700,3)
(2309200,3)
(9257400,3)
(6792900,3)
(8314000,3)
(9247900,3)
(9115400,3)
(9511000,3)
(9466500,3)
(1926500,3)
(9061800,3)
(228000,3)
(1812300,3)
(1588200,3)
(405800,3)
(9523100,3)
(2598100,3)
(9880800,3)
(920500,3)
(9765900,3)
(2879800,3)
(6808400,3)
(4440600,3)
(9473000,3)
(10162900,3)
(636900,3)
(7133500,3)
(2964300,3)
(4513500,3)
(2030600,3)
(9857000,3)
(8616000,3)
(8939300,3)
(2127400,3)
(3423900,3)
(208500,3)
(3400600,3)
(6795100,3)
(6888200,3)
(9398600,3)
(8971400,3)
(1555100,3)
(7735300,3)
(5484200,3)
(10119800,3)
(2639400,3)
(8448900,3)
(3167300,3)
(5402300,3)
(9877300,3)
(9374600,3)
(9893000,3)
(7073000,3)
(4530700,3)
(2608300,3)
(6565500,3)
(222900,3)
(6579000,3)
(8872300,3)
(9626700,3)
(4251900,3)
(637700,3)
(1915100,3)
(10573500,3)
(5374600,3)
(570100,3)
(9441900,3)
(8983100,3)
(862500,3)
(5918900,3)
(6638800,3)
(211000,3)
(4976100,3)
(1344000,3)
(2694900,3)
(711500,3)
(8491800,3)
(4517700,3)
(961400,3)
(4531000,3)
(10097200,3)
(2171800,3)
(4948600,3)
(7108700,3)
(8614000,3)
(8604900,3)
(1447200,3)
(1668500,3)
(7468800,3)
(1433700,3)
(5744700,3)
(4258500,3)
(5333700,3)
(9917500,3)
(2301700,3)
(9480500,3)
(5490800,3)
(8950700,3)
(9260900,3)
(9022700,3)
(602400,3)
(1557800,3)
(1197500,3)
(7267900,3)
(725700,3)
(6643700,3)
(558200,3)
(4451800,3)
(1938700,3)
(4197800,3)
(8462900,3)
(2041600,3)
(7813400,3)
(2441700,3)
(1114500,3)
(5346600,3)
(9080000,3)
(5471300,3)
(3358500,3)
(10290900,3)
(8261500,3)
(2637300,3)
(4892800,3)
(7377100,3)
(7385700,3)
(1799900,3)
(9334600,3)
(3449400,3)
(2099400,3)
(6713200,3)
(1818700,3)
(9505500,3)
(3555300,3)
(1635700,3)
(914400,3)
(3170700,3)
(9358000,3)
(9573300,3)
(1640400,3)
(4543300,3)
(900500,3)
(5877300,3)
(7367800,3)
(3216100,3)
(10135900,3)
(10444800,3)
(4713000,3)
(1903000,3)
(3408600,3)
(5870800,3)
(3527500,3)
(252800,3)
(2475300,3)
(8768500,3)
(108000,3)
(3496900,3)
(8392500,3)
(3141300,3)
(9167300,3)
(8635100,3)
(2393900,3)
(3042600,3)
(3366500,3)
(445700,3)
(7519200,3)
(1383400,3)
(3266600,3)
(9609600,3)
(1301700,3)
(4805000,3)
(1191800,3)
(9939900,3)
(2963000,3)
(4678600,3)
(9470600,3)
(2991100,3)
(5451600,3)
(9492000,3)
(7409200,3)
(10018600,3)
(1418000,3)
(4530600,3)
(3342400,3)
(1011900,3)
(3916800,3)
(8851500,3)
(3561700,3)
(9125300,3)
(2134900,3)
(1788100,3)
(6729400,3)
(3391200,3)
(1031100,3)
(577000,3)
(5324000,3)
(9434100,3)
(2311900,3)
(3476300,3)
(1819800,3)
(2769200,3)
(9958900,3)
(1198600,3)
(8879200,3)
(7474400,3)
(5985400,3)
(7254400,3)
(9873200,3)
(4039800,3)
(2435500,3)
(5720000,3)
(6924800,3)
(3122500,3)
(2071200,3)
(6547500,3)
(1922400,3)
(9368100,3)
(413400,3)
(7598300,3)
(6740800,3)
(9653900,3)
(1418600,3)
(2369100,3)
(1531700,3)
(568600,3)
(9268000,3)
(8904600,3)
(1381500,3)
(5715500,3)
(742400,3)
(1498800,3)
(1087800,3)
(9088100,3)
(1055100,3)
(6801600,3)
(7617500,3)
(1748400,3)
(4578400,3)
(7129600,3)
(352700,3)
(2335600,3)
(6805000,3)
(986100,3)
(5621400,3)
(9082800,3)
(10157900,3)
(3501100,3)
(1000600,3)
(9230200,3)
(2123500,3)
(5359300,3)
(3319900,3)
(6585900,3)
(214900,3)
(10888500,3)
(9144600,3)
(1332600,3)
(10061300,3)
(1351900,3)
(4960400,3)
(7136200,3)
(9336400,3)
(7268700,3)
(1371900,3)
(5987600,3)
(3885500,3)
(1738300,3)
(8629700,3)
(8398000,3)
(9643200,3)
(2967400,3)
(5381700,3)
(9135900,3)
(1065900,3)
(865600,3)
(6708700,3)
(10015700,3)
(10071000,3)
(2086700,3)
(3474100,3)
(1662400,3)
(6810300,3)
(5366500,3)
(1866400,3)
(10412200,3)
(732900,3)
(411400,3)
(435700,3)
(8794900,3)
(9412600,3)
(1684000,3)
(1556400,3)
(8694900,3)
(4809700,3)
(6553400,3)
(9659300,3)
(4720100,3)
(3939100,3)
(9289100,3)
(3594200,3)
(3026000,3)
(391100,3)
(3393300,3)
(1019400,3)
(6561900,3)
(9071700,3)
(9281100,3)
(6804300,3)
(9283100,3)
(1010900,3)
(9328100,3)
(1450300,3)
(3455000,3)
(8246000,3)
(681500,3)
(9513000,3)
(10263600,3)
(154500,3)
(5670400,3)
(5358500,3)
(3147300,3)
(9635200,3)
(9309800,3)
(6938600,3)
(4056800,3)
(8934000,3)
(9512700,3)
(8320100,3)
(9219600,3)
(796300,3)
(1308000,3)
(6770200,3)
(2167600,3)
(4365800,3)
(2780200,3)
(1468600,3)
(6756800,3)
(9773200,3)
(4156700,3)
(6933300,3)
(4529700,3)
(2703800,3)
(6607300,3)
(9162200,3)
(9203700,3)
(10754600,3)
(7273600,3)
(1083000,3)
(179800,3)
(8917700,3)
(2205400,3)
(714300,3)
(4216100,3)
(1647200,3)
(5948500,3)
(3344200,3)
(2804600,3)
(1621000,3)
(1861700,3)
(6836600,3)
(414600,3)
(3517500,3)
(2791600,3)
(66400,3)
(9026900,3)
(5616400,3)
(8305100,3)
(10201600,3)
(9833900,3)
(9926800,3)
(9421200,3)
(1875500,3)
(8918800,3)
(1547300,3)
(6582700,3)
(2709800,3)
(9848200,3)
(4571500,3)
(10073300,3)
(1585500,3)
(2474700,3)
(129500,3)
(4564200,3)
(6820300,3)
(6559400,3)
(9522600,3)
(6850000,3)
(6730100,3)
(3321900,3)
(3192300,3)
(1807700,3)
(4381600,3)
(7487000,3)
(2621600,3)
(9489200,3)
(7522800,3)
(2399200,3)
(639200,3)
(8999000,3)
(9153200,3)
(8374300,3)
(391400,3)
(1315900,3)
(5771800,3)
(8867900,3)
(2357900,3)
(6842700,3)
(4416700,3)
(9025900,3)
(3105300,3)
(2400700,3)
(8403100,3)
(2836200,3)
(729700,3)
(7906100,3)
(6711700,3)
(10747900,3)
(5332400,3)
(5516000,3)
(3104900,3)
(4080000,3)
(4108800,3)
(4415700,3)
(9292500,3)
(4723500,3)
(9334400,3)
(3905100,3)
(3380000,3)
(5619000,3)
(2123100,3)
(4938900,3)
(8939500,3)
(2516000,3)
(4153700,3)
(5944000,3)
(6889100,3)
(3457600,3)
(5498000,3)
(2579800,3)
(6885700,3)
(125400,3)
(3910900,3)
(9806900,3)
(3330900,3)
(2753200,3)
(9256000,3)
(1859300,3)
(8246400,3)
(9879900,3)
(7336800,3)
(1349600,3)
(5773500,3)
(6526100,3)
(1010400,3)
(3621900,3)
(10068200,3)
(995600,3)
(2342300,3)
(7063900,3)
(741900,3)
(4679700,3)
(4870700,3)
(10667500,3)
(614800,3)
(7061200,3)
(166300,3)
(1346500,3)
(6899400,3)
(6511100,3)
(4251200,3)
(2519700,3)
(3958800,3)
(3402100,3)
(4804500,3)
(1018800,3)
(4378200,3)
(3550800,3)
(1609300,3)
(7028400,3)
(3181700,3)
(242300,3)
(8845300,3)
(7111800,3)
(2719600,3)
(1920200,3)
(10346600,3)
(63100,3)
(7507600,3)
(2376600,3)
(1922600,3)
(4217800,3)
(2312200,3)
(1952600,3)
(8959000,3)
(10315700,3)
(9919100,3)
(1054300,3)
(2778500,3)
(6812400,3)
(8584800,3)
(1514500,3)
(9079500,3)
(2796600,3)
(6582100,3)
(11295100,3)
(9397200,3)
(549700,3)
(7642200,3)
(9007800,3)
(9366100,3)
(4159000,3)
(63700,3)
(2888300,3)
(6892300,3)
(7691700,3)
(3240200,3)
(9201600,3)
(625300,3)
(1800100,3)
(5379700,3)
(6784500,3)
(6826900,3)
(8808400,3)
(4500000,3)
(1551300,3)
(10043500,3)
(8826500,3)
(1181900,3)
(1333400,3)
(8901600,3)
(3648500,3)
(4180400,3)
(2426900,3)
(9342800,3)
(1008200,3)
(2410000,3)
(4467800,3)
(8119300,3)
(9267600,3)
(8887100,3)
(2713300,3)
(6745000,3)
(7124500,3)
(2821900,3)
(905200,3)
(1888500,3)
(7114200,3)
(9291000,3)
(5766200,3)
(1269000,3)
(5411200,3)
(9424700,3)
(6812800,3)
(3529600,3)
(459100,3)
(4387900,3)
(6855900,3)
(4444600,3)
(2719000,3)
(9088000,3)
(3271600,3)
(3455300,3)
(553200,3)
(10454800,3)
(9686200,3)
(9482400,3)
(1560200,3)
(3454500,3)
(9516500,3)
(9551500,3)
(1965700,3)
(6927500,3)
(3125500,3)
(6701600,3)
(2819600,3)
(1460600,3)
(6574300,3)
(7116000,3)
(4806400,3)
(7512600,3)
(2965300,3)
(8887300,3)
(5962300,3)
(3088500,3)
(148700,3)
(1060600,3)
(2272200,3)
(2842900,3)
(1130700,3)
(7781500,3)
(4134000,3)
(2868300,3)
(1278700,3)
(1803000,3)
(4243500,3)
(7233700,3)
(1426600,3)
(2400,3)
(7122100,3)
(5477000,3)
(6919400,3)
(4816300,3)
(156200,3)
(1561300,3)
(5844300,3)
(5346900,3)
(5363500,3)
(1781400,3)
(2490500,3)
(1585400,3)
(7121800,3)
(2049800,3)
(8968000,3)
(9195100,3)
(7758200,3)
(9137300,3)
(3474400,3)
(842000,3)
(1800800,3)
(5934400,3)
(6636600,3)
(6937400,3)
(1715800,3)
(5041100,3)
(11007700,3)
(2236800,3)
(3176300,3)
(5710300,3)
(9115700,3)
(2471800,3)
(7576500,3)
(4372900,3)
(10025900,3)
(732100,3)
(2877000,3)
(422100,3)
(7245500,3)
(2560000,3)
(4494800,3)
(6792200,3)
(8586100,3)
(915000,3)
(7311100,3)
(6551900,3)
(4172700,3)
(3098400,3)
(7500300,3)
(5497300,3)
(191300,3)
(6972300,3)
(3430100,3)
(10692600,3)
(1556500,3)
(6940900,3)
(788600,3)
(2802600,3)
(2169400,3)
(3240700,3)
(5408700,3)
(7405900,3)
(8796500,3)
(4984900,3)
(8919100,3)
(9488600,3)
(5536200,3)
(9501400,3)
(41900,3)
(871300,3)
(8926200,3)
(10409000,3)
(1097100,3)
(8847600,3)
(723800,3)
(3662500,3)
(2062600,3)
(5867400,3)
(6643400,3)
(6815200,3)
(7191700,3)
(414500,3)
(2485500,3)
(7050400,3)
(3163300,3)
(7269700,3)
(1233300,3)
(4820300,3)
(3564100,3)
(10755100,3)
(142800,3)
(7042600,3)
(213000,3)
(9285300,3)
(2790800,3)
(4565900,3)
(2132600,3)
(2943700,3)
(6809600,3)
(1335900,3)
(8974500,3)
(790100,3)
(5718100,3)
(195000,3)
(577100,3)
(2452400,3)
(10210200,3)
(4182200,3)
(3556600,3)
(10940100,3)
(395100,3)
(1930200,3)
(10467900,3)
(1765100,3)
(2523900,3)
(7436500,3)
(1202100,3)
(2793200,3)
(4225700,3)
(7120000,3)
(5599000,3)
(9746000,3)
(6692900,3)
(9963300,3)
(2389400,3)
(3383000,3)
(7099200,3)
(9400100,3)
(10604900,3)
(5817100,3)
(1524500,3)
(10719400,3)
(1488900,3)
(1293600,3)
(3470000,3)
(5358600,3)
(649800,3)
(2298800,3)
(6814100,3)
(2420600,3)
(9213800,3)
(795200,3)
(6645000,3)
(1655300,3)
(1149700,3)
(2699800,3)
(4316500,3)
(6824100,3)
(6931900,3)
(9755400,3)
(1004900,3)
(9144900,3)
(9353800,3)
(7372400,3)
(10147000,3)
(634300,3)
(9390800,3)
(10799600,3)
(566200,3)
(9865700,3)
(4046200,3)
(9640400,3)
(6888100,3)
(9362300,3)
(1387800,3)
(10196200,3)
(10759200,3)
(9286900,3)
(6642500,3)
(6939900,3)
(9066500,3)
(669800,3)
(2021500,3)
(9039100,3)
(4986100,3)
(9324500,3)
(967600,3)
(696400,3)
(5760600,3)
(6538500,3)
(10510600,3)
(7883200,3)
(10383800,3)
(4520100,3)
(3584800,3)
(5978600,3)
(9118500,3)
(457600,3)
(2381700,3)
(2889500,3)
(9620500,3)
(9893600,3)
(4724500,3)
(45000,3)
(6714900,3)
(1377800,3)
(98800,3)
(2650300,3)
(1139700,3)
(3148900,3)
(8047300,3)
(1957400,3)
(4945200,3)
(4579700,3)
(9927900,3)
(3903400,3)
(9692100,3)
(6887700,3)
(1043500,3)
(3408000,3)
(8994600,3)
(2127000,3)
(7998500,3)
(2242400,3)
(3486000,3)
(2870200,3)
(958500,3)
(9987200,3)
(3251300,3)
(8748800,3)
(1330800,3)
(2954600,3)
(1779900,3)
(8836000,3)
(4492700,3)
(254900,3)
(9741600,3)
(9863900,3)
(3618800,3)
(5617000,3)
(889100,3)
(1299200,3)
(4876900,3)
(2332500,3)
(2460800,3)
(6785800,3)
(7986000,3)
(9349000,3)
(2324500,3)
(9407800,3)
(4930800,3)
(650300,3)
(2143000,3)
(4812800,3)
(446800,3)
(4112200,3)
(264100,3)
(9942600,3)
(7782000,3)
(675300,3)
(1820100,3)
(2456300,3)
(2863900,3)
(2416100,3)
(7131100,3)
(8593700,3)
(2421800,3)
(1791400,3)
(4475100,3)
(3500900,3)
(3351700,3)
(5796100,3)
(8782400,3)
(1578000,3)
(7058900,3)
(4844600,3)
(4846100,3)
(449800,3)
(2435400,3)
(1531000,3)
(3471200,3)
(607200,3)
(466500,3)
(3172900,3)
(4429000,3)
(9143100,3)
(7353600,3)
(7114500,3)
(4474000,3)
(982400,3)
(630800,3)
(1578800,3)
(5774500,3)
(3298400,3)
(3520300,3)
(2261300,3)
(626800,3)
(4278400,3)
(4446100,3)
(9215600,3)
(9957500,3)
(10032700,3)
(6926100,3)
(2032200,3)
(1012500,3)
(613200,3)
(8653500,3)
(8043900,3)
(1632800,3)
(4239100,3)
(4839600,3)
(7501500,3)
(1840900,3)
(288300,3)
(9284100,3)
(66800,3)
(3481200,3)
(2508200,3)
(1550200,3)
(7526200,3)
(2321400,3)
(7608100,3)
(4132100,3)
(9823800,3)
(4143600,3)
(7635200,3)
(9453200,3)
(1641100,3)
(5797900,3)
(6933000,3)
(726900,3)
(950500,3)
(6818500,3)
(7782300,3)
(963600,3)
(4232600,3)
(4129000,3)
(9910800,3)
(986800,3)
(1496000,3)
(2278100,3)
(744200,3)
(5471600,3)
(10409100,3)
(2096500,3)
(1477700,3)
(7410900,3)
(9990900,3)
(5596500,3)
(1987500,3)
(4078000,3)
(9964300,3)
(3542300,3)
(4221300,3)
(2681100,3)
(762700,3)
(8823500,3)
(2562900,3)
(7117300,3)
(4386400,3)
(3405100,3)
(2823300,3)
(9873400,3)
(5391800,3)
(1593100,3)
(740800,3)
(237700,3)
(7076400,3)
(5951300,3)
(2021400,3)
(7388800,3)
(6710600,3)
(4992100,3)
(3517800,3)
(9344800,3)
(731900,3)
(1147300,3)
(7023000,3)
(6728900,3)
(5027600,3)
(3926100,3)
(6753900,3)
(544500,3)
(4099000,3)
(917000,3)
(2288100,3)
(7787400,3)
(2933700,3)
(1585800,3)
(2171500,3)
