(8780200,19)
(2253600,19)
(8879500,19)
(847300,19)
(1448800,19)
(43000,19)
(2888600,19)
(5412000,19)
(394600,19)
(1056300,19)
(2693100,19)
(1639500,19)
(2445700,19)
(4901300,19)
(2467800,19)
(286200,19)
(4195200,19)
(1699800,19)
(114600,19)
(7589000,19)
(8772400,19)
(8869300,19)
(716700,19)
(733000,19)
(2813300,19)
(1698200,19)
(899200,19)
(4984600,19)
(733500,19)
(561400,19)
(4367100,19)
(4179500,19)
(2890000,19)
(2102100,19)
(256800,19)
(3321800,19)
(2282300,19)
(3897900,19)
(34900,19)
(985600,19)
(1848300,19)
(8786500,19)
(2280200,19)
(5374700,19)
(4989600,19)
(4411500,19)
(4409400,19)
(949400,19)
(981500,19)
(552000,19)
(2697800,19)
(3352500,19)
(149200,19)
(1383000,19)
(4191900,19)
(3894700,19)
(1042300,19)
(425700,19)
(2183200,19)
(2342800,19)
(3088800,19)
(1511500,19)
(2960400,19)
(3412200,19)
(5832100,19)
(1419000,19)
(441100,19)
(1977900,19)
(1542400,19)
(252200,19)
(109100,19)
(122600,19)
(535200,19)
(1281200,19)
(4117600,19)
(4213100,19)
(546500,19)
(34000,19)
(1195800,19)
(9070000,19)
(267700,19)
(676000,19)
(714100,19)
(2288800,19)
(746000,19)
(8915900,19)
(2427200,19)
(1384000,19)
(1223100,19)
(3159200,19)
(1842400,19)
(1073200,19)
(8867200,19)
(908900,19)
(499400,19)
(108300,19)
(2393100,19)
(2497000,19)
(4193400,19)
(1604100,19)
(101500,19)
(9612100,19)
(1390200,19)
(5351700,19)
(791000,19)
(190200,19)
(427500,19)
(7467700,19)
(3296500,19)
(3561800,19)
(2328300,19)
(1292200,19)
(8587400,19)
(297000,19)
(3245400,19)
(4683300,19)
(4140600,19)
(2288200,19)
(444000,19)
(4572100,19)
(1310600,19)
(5729500,19)
(2969600,19)
(2200700,19)
(3383100,19)
(6630600,19)
(3577700,19)
(1208600,19)
(1517400,19)
(1288000,19)
(1384800,19)
(8928200,19)
(145200,19)
(1971600,19)
(59500,19)
(6601000,19)
(207500,19)
(4229400,19)
(7039600,19)
(1414600,19)
(672100,19)
(1385400,19)
(6607200,19)
(5754300,19)
(1713800,19)
(529400,19)
(1903700,19)
(9219300,19)
(1765600,19)
(456900,19)
(3253800,19)
(8823100,19)
(8955800,19)
(933000,19)
(5753400,19)
(3036400,19)
(606200,19)
(5949800,19)
(6644600,19)
(4969200,19)
(1438100,19)
(154300,19)
(4189800,19)
(194800,19)
(1635200,19)
(851000,19)
(3318600,19)
(72100,19)
(1888900,19)
(4895200,19)
(64000,19)
(9109100,19)
(8927100,19)
(125200,19)
(391300,19)
(2007700,19)
(1671400,19)
(8871400,19)
(4383200,19)
(620600,19)
(4191100,19)
(545100,19)
(5439000,19)
(6728600,19)
(3218000,19)
(2282400,19)
(42800,19)
(8837900,19)
(4000700,19)
