(1814000,16)
(8804100,16)
(8794200,16)
(4805200,16)
(273000,16)
(1500800,16)
(2424000,16)
(5733100,16)
(1211900,16)
(4543100,16)
(134800,16)
(6618400,16)
(1425900,16)
(1765300,16)
(2315300,16)
(301200,16)
(8968500,16)
(5334200,16)
(16200,16)
(3262400,16)
(503700,16)
(297600,16)
(420500,16)
(4227600,16)
(4685400,16)
(7800,16)
(5418000,16)
(443000,16)
(38500,16)
(662600,16)
(6575600,16)
(3066400,16)
(1143900,16)
(3359400,16)
(1610800,16)
(629400,16)
(8821300,16)
(2344200,16)
(4411600,16)
(1194400,16)
(240800,16)
(8867500,16)
(841400,16)
(193600,16)
(722700,16)
(673000,16)
(4389200,16)
(1170500,16)
(99100,16)
(4416200,16)
(6559000,16)
(2324200,16)
(4851900,16)
(261700,16)
(1092000,16)
(1777200,16)
(908100,16)
(644500,16)
(2445800,16)
(294900,16)
(3234900,16)
(4409000,16)
(647800,16)
(6748000,16)
(8828900,16)
(4999300,16)
(4106600,16)
(2399600,16)
(965500,16)
(6607100,16)
(4959500,16)
(4864000,16)
(2054200,16)
(1215600,16)
(1199900,16)
(76100,16)
(1222900,16)
(2496100,16)
(132300,16)
(3387700,16)
(672500,16)
(1162700,16)
(1839100,16)
(2789500,16)
(1753400,16)
(1804100,16)
(229800,16)
(8930800,16)
(9216300,16)
(1387600,16)
(1069100,16)
(6560600,16)
(4561700,16)
(1214700,16)
(2057500,16)
(2130300,16)
(1190400,16)
(8860000,16)
(8848800,16)
(8763800,16)
(2059900,16)
(9260600,16)
(2384700,16)
(8832100,16)
(9082700,16)
(3410000,16)
(290400,16)
(4412200,16)
(1973500,16)
(2321000,16)
(1937500,16)
(1141500,16)
(1029700,16)
(4410500,16)
(8850600,16)
(2184100,16)
(3061700,16)
(6715200,16)
(8885700,16)
(1161100,16)
(2780800,16)
(4150200,16)
(1839000,16)
(752600,16)
(203000,16)
(1376100,16)
(240500,16)
(264400,16)
(4905300,16)
(4989200,16)
(1783800,16)
(199800,16)
(6686700,16)
(8804800,16)
(7337900,16)
(4432400,16)
(8989700,16)
(4193900,16)
(3031700,16)
(1016700,16)
(2282000,16)
(6604400,16)
(2602200,16)
(8906100,16)
(3001300,16)
(1677200,16)
(4899400,16)
(1505200,16)
(28700,16)
(663500,16)
(1004800,16)
(2960800,16)
(423900,16)
(1330500,16)
(87500,16)
(3060000,16)
(2723200,16)
(2183100,16)
(4526500,16)
(3513000,16)
(6531200,16)
(2178400,16)
(1957900,16)
(1433000,16)
(681300,16)
(3006500,16)
(5797100,16)
(1194100,16)
(1071400,16)
(1390800,16)
(2887500,16)
(8897400,16)
(1722600,16)
(2939400,16)
(386400,16)
(4137900,16)
(2319100,16)
(1444000,16)
(6713600,16)
(9043900,16)
(1343400,16)
(234700,16)
(5404100,16)
(1437100,16)
(7099300,16)
(138300,16)
(3022900,16)
(9214700,16)
(253300,16)
(45400,16)
(952200,16)
(1338900,16)
(6536100,16)
(952700,16)
(10200,16)
(6615200,16)
(2094800,16)
(1901200,16)
(1656200,16)
(3061300,16)
(622100,16)
(2202700,16)
(1377500,16)
(8893700,16)
(4626400,16)
(569800,16)
(666400,16)
(864200,16)
(1972700,16)
(4554200,16)
(551600,16)
(5587400,16)
(614700,16)
(1300600,16)
(6752500,16)
(1324700,16)
(9168600,16)
(9259600,16)
(672000,16)
(657500,16)
(4868800,16)
(4250500,16)
(2739900,16)
(675400,16)
(3473500,16)
(3088400,16)
(1504800,16)
(843400,16)
(80700,16)
