(3237400,7)
(8924700,7)
(5730400,7)
(744700,7)
(5754200,7)
(3858600,7)
(7287000,7)
(6558100,7)
(8865800,7)
(9919000,7)
(4026200,7)
(3097500,7)
(6722700,7)
(5775600,7)
(419500,7)
(8740400,7)
(110300,7)
(2293700,7)
(231900,7)
(7593500,7)
(715800,7)
(6572700,7)
(2997300,7)
(2071400,7)
(1042600,7)
(404400,7)
(1041000,7)
(2453000,7)
(1643000,7)
(43300,7)
(1222100,7)
(5890000,7)
(946800,7)
(2103900,7)
(9144300,7)
(4077100,7)
(289900,7)
(4978800,7)
(1747000,7)
(1186700,7)
(6557400,7)
(4853200,7)
(1385800,7)
(5827900,7)
(4712100,7)
(6200,7)
(2108000,7)
(3235800,7)
(1206300,7)
(9041900,7)
(2716200,7)
(642200,7)
(5554100,7)
(2649900,7)
(4657500,7)
(3984000,7)
(8651000,7)
(991500,7)
(10134300,7)
(5732600,7)
(1024200,7)
(254800,7)
(1706800,7)
(4169500,7)
(1448300,7)
(3031200,7)
(1209600,7)
(38400,7)
(6759200,7)
(1572200,7)
(5771200,7)
(2789300,7)
(7584700,7)
(9324800,7)
(1132500,7)
(901500,7)
(1631800,7)
(8329400,7)
(953900,7)
(2319400,7)
(6907100,7)
(4893200,7)
(295700,7)
(6525700,7)
(3149700,7)
(203300,7)
(2095900,7)
(7262100,7)
(1332900,7)
(4867100,7)
(5056800,7)
(3144100,7)
(9417500,7)
(5335000,7)
(8004900,7)
(2273000,7)
(2134200,7)
(9700800,7)
(1941100,7)
(9233700,7)
(440200,7)
(3175500,7)
(2467200,7)
(7580600,7)
(1632000,7)
(1586900,7)
(2684800,7)
(4575800,7)
(5414800,7)
(11100,7)
(806700,7)
(4843600,7)
(1793000,7)
(4458200,7)
(416800,7)
(1201700,7)
(718900,7)
(2673800,7)
(6783000,7)
(4175800,7)
(6624400,7)
(6539800,7)
(4209700,7)
(1613600,7)
(6514900,7)
(1542100,7)
(1098000,7)
(508100,7)
(209700,7)
(787800,7)
(5494700,7)
(10765500,7)
(86800,7)
(1341200,7)
(5946300,7)
(3759500,7)
(9052200,7)
(2108900,7)
(1680900,7)
(9093700,7)
(1067700,7)
(1679200,7)
(548200,7)
(979800,7)
(1584500,7)
(3355700,7)
(2117300,7)
(3222300,7)
(241500,7)
(5474500,7)
(284700,7)
(2059600,7)
(6589300,7)
(8415800,7)
(1199100,7)
(9169500,7)
(791300,7)
(8971600,7)
(8806400,7)
(401300,7)
(256300,7)
(5823100,7)
(383000,7)
(8555800,7)
(6615700,7)
(3484300,7)
(1308700,7)
(6549900,7)
(2365900,7)
(9685400,7)
(257300,7)
(1951600,7)
(9030800,7)
(4049400,7)
(4178300,7)
(1050200,7)
(6723900,7)
(621700,7)
(9168800,7)
(636800,7)
(906900,7)
(5887300,7)
(9249400,7)
(2399300,7)
(1914000,7)
(6557100,7)
(251900,7)
(4117400,7)
(2479800,7)
(2026500,7)
(4122100,7)
(7476500,7)
(8799500,7)
(9573100,7)
(3049200,7)
(2138400,7)
(4200,7)
(1037800,7)
(67100,7)
(2110600,7)
(2236600,7)
(9460300,7)
(3661900,7)
(1444100,7)
(9242900,7)
(9089100,7)
(2314900,7)
(3293000,7)
(395400,7)
(1298800,7)
(9022100,7)
(1607100,7)
(255100,7)
(4706500,7)
(4882100,7)
(5517700,7)
(166000,7)
(644900,7)
(3214500,7)
(9647200,7)
(5887100,7)
(9148000,7)
(486600,7)
(9072400,7)
(3409600,7)
(1825800,7)
(3002300,7)
(6835800,7)
(9949800,7)
(5500200,7)
(9017700,7)
(8838000,7)
(427400,7)
(3234200,7)
(7096400,7)
(1804400,7)
(2703700,7)
(5715800,7)
(2456800,7)
(9253200,7)
(10462700,7)
(2259000,7)
(1769700,7)
(9346500,7)
(3341500,7)
(729500,7)
(3401400,7)
(1892900,7)
(246700,7)
(2863100,7)
(2645900,7)
(4243200,7)
(301500,7)
(9752900,7)
(165200,7)
(1154800,7)
(670300,7)
(6741100,7)
(2697300,7)
(2137300,7)
(8916700,7)
(2888100,7)
(1445100,7)
(8824500,7)
(8854500,7)
(5335100,7)
(4806200,7)
(742000,7)
(1667100,7)
(1235000,7)
(8780500,7)
(531300,7)
(9276600,7)
(2949000,7)
(9039200,7)
(4464300,7)
(3497100,7)
(2900800,7)
(6707700,7)
(4168300,7)
(1083600,7)
(236400,7)
(2463100,7)
(924700,7)
(10251500,7)
(1319900,7)
(536500,7)
(641800,7)
(560100,7)
(716100,7)
(2417000,7)
(895800,7)
(229300,7)
(1149600,7)
(6690500,7)
(3981500,7)
(5412400,7)
(712800,7)
(6760600,7)
(385600,7)
(28800,7)
(6575300,7)
(670000,7)
(6561100,7)
(4954300,7)
(1219800,7)
(5362700,7)
(4705200,7)
(1076700,7)
(32400,7)
(1750300,7)
(9370400,7)
(111300,7)
(296200,7)
(4283000,7)
(9014300,7)
(212900,7)
(4161600,7)
(1087100,7)
(1090300,7)
(736200,7)
(1110100,7)
(19200,7)
(3035300,7)
(3058900,7)
(2424500,7)
(8855200,7)
(4412600,7)
(1589800,7)
(721900,7)
(2396900,7)
(1068300,7)
(2172500,7)
(2072600,7)
(3341400,7)
(6706200,7)
(1432100,7)
(8970900,7)
(1710000,7)
(2635000,7)
(3471800,7)
(4017100,7)
(8967500,7)
(2531600,7)
(9482000,7)
(6632000,7)
(1042000,7)
(4517000,7)
(1543700,7)
(398300,7)
(114000,7)
(3237200,7)
(400400,7)
(9609500,7)
(292700,7)
(4122400,7)
(6816300,7)
(9076600,7)
(2050500,7)
(3469900,7)
(3893300,7)
(8970300,7)
(8468100,7)
(1716400,7)
(1032500,7)
(3315000,7)
(2149300,7)
(5975400,7)
(9411900,7)
(10509500,7)
(4075200,7)
(3395300,7)
(889600,7)
(1333000,7)
(993900,7)
(2237400,7)
(6804500,7)
(2560700,7)
(1165100,7)
(4221100,7)
(381000,7)
(1428500,7)
(6751200,7)
(1680000,7)
(2204800,7)
(1011600,7)
(9210800,7)
(6606600,7)
(2396300,7)
(2701900,7)
(453700,7)
(3400000,7)
(627400,7)
(4327900,7)
(3407300,7)
(2098100,7)
(5360500,7)
(1603100,7)
(655000,7)
(2720200,7)
(3107200,7)
(1483600,7)
(9882900,7)
(9192000,7)
(8993700,7)
(5801400,7)
(9241500,7)
(2250500,7)
(195200,7)
(9400000,7)
(9033700,7)
(2323700,7)
(111500,7)
(4723800,7)
(983200,7)
(380300,7)
(9693300,7)
(1359000,7)
(544900,7)
(1034800,7)
(6704400,7)
(6890400,7)
(908700,7)
(3481900,7)
(4132300,7)
(2626100,7)
(5496900,7)
(1132000,7)
(1206500,7)
(9987000,7)
(2398000,7)
(1367200,7)
(441000,7)
(9086300,7)
(395300,7)
(4390300,7)
(155000,7)
(6040400,7)
(9362200,7)
(4936900,7)
(9008200,7)
(1754800,7)
(2292600,7)
(1302300,7)
(4666300,7)
(4896000,7)
(3104800,7)
(9017300,7)
(30400,7)
(77200,7)
(2979800,7)
(2686100,7)
(739900,7)
(9550300,7)
(1086800,7)
(1012300,7)
(228100,7)
(5782300,7)
(3340000,7)
(9925900,7)
(4857600,7)
(4868700,7)
(959800,7)
(640000,7)
(9327000,7)
(9446800,7)
(1302100,7)
(2313300,7)
(1047200,7)
(7817900,7)
(8971500,7)
(6628500,7)
(2811800,7)
(1525900,7)
(10061900,7)
(1099700,7)
(3100,7)
(3916700,7)
(963300,7)
(9325200,7)
(882200,7)
(4827200,7)
(652400,7)
(652300,7)
(8942200,7)
(244100,7)
(2114100,7)
(633200,7)
(1025300,7)
(9517100,7)
(9242300,7)
(6630100,7)
(6560400,7)
(9185200,7)
(6771700,7)
(2206300,7)
(575400,7)
(4114400,7)
(9179100,7)
(3584700,7)
(9448400,7)
(7884900,7)
(5593900,7)
(2939600,7)
(5483100,7)
(7390800,7)
(2264600,7)
(1909500,7)
(546000,7)
(6737300,7)
(2868600,7)
(917500,7)
(9133400,7)
(4113500,7)
(2503600,7)
(6890600,7)
(9026500,7)
(9095000,7)
(1324300,7)
(1754400,7)
(8905900,7)
(9228900,7)
(9216700,7)
(1531800,7)
(929600,7)
(6576700,7)
(4678000,7)
(8872700,7)
(980500,7)
(8872500,7)
(5618500,7)
(6933700,7)
(2787700,7)
(1090000,7)
(1657800,7)
(10098800,7)
(10196700,7)
(1489900,7)
(1526200,7)
(2245100,7)
(4523500,7)
(2135400,7)
(956600,7)
(5886500,7)
(6699300,7)
(1380300,7)
(775800,7)
(5414900,7)
(6748700,7)
(5493800,7)
(1694600,7)
(653500,7)
(8552500,7)
(2463400,7)
(4476000,7)
(3586500,7)
(9607000,7)
(9438300,7)
(2946200,7)
(1980400,7)
(5888300,7)
(999600,7)
(2385300,7)
(9179600,7)
(1748700,7)
(8974200,7)
(2315100,7)
(1685000,7)
(1201300,7)
(2265100,7)
(3534900,7)
(2534900,7)
(6742900,7)
(6723100,7)
(6887300,7)
(7064500,7)
(5502200,7)
(6609400,7)
(545700,7)
(2664700,7)
(7425900,7)
(2778000,7)
(892300,7)
(5884300,7)
(4157800,7)
(1917900,7)
(1029400,7)
(9310500,7)
(232500,7)
(8787900,7)
(9288900,7)
(2497900,7)
(537400,7)
(5478200,7)
(2185800,7)
(1682600,7)
(19400,7)
(8806600,7)
(603600,7)
(926800,7)
(7104200,7)
(295900,7)
(5732200,7)
(891500,7)
(9891400,7)
(6562800,7)
(790400,7)
(4474800,7)
(1457800,7)
(9015800,7)
(37500,7)
(9023800,7)
(685800,7)
(7636600,7)
(8998300,7)
(1064700,7)
(2501400,7)
(6558500,7)
(1705600,7)
(4288200,7)
(1669900,7)
(1035900,7)
(399600,7)
(6937900,7)
(2517700,7)
(6601300,7)
(111400,7)
(256500,7)
(2992600,7)
(3453800,7)
(7132100,7)
(2415700,7)
(6691700,7)
(9170200,7)
(2290100,7)
(1726500,7)
(2311700,7)
(529600,7)
(3751000,7)
(376400,7)
(4955300,7)
(6629100,7)
(4627400,7)
(2605800,7)
(5359400,7)
(626000,7)
(6685100,7)
(5892700,7)
(8043300,7)
(6637500,7)
(2088300,7)
(4701700,7)
(232700,7)
(8825000,7)
(4183200,7)
(4940100,7)
(1206700,7)
(294800,7)
(9191100,7)
(4503300,7)
(4039400,7)
(2600,7)
(6900200,7)
(258800,7)
(200800,7)
(1036400,7)
(6824200,7)
(5802900,7)
(6635500,7)
(669600,7)
(6583400,7)
(6757100,7)
(1060300,7)
(648200,7)
(7070200,7)
(6628600,7)
(381600,7)
(4576700,7)
(9761500,7)
(4681700,7)
(8827000,7)
(396400,7)
(913500,7)
(3152100,7)
(1026100,7)
(5473500,7)
(107200,7)
(1802800,7)
(438900,7)
(1227200,7)
(672200,7)
(258500,7)
(4671800,7)
(2636400,7)
(2357200,7)
(380800,7)
(2817200,7)
(789100,7)
(407300,7)
(8813300,7)
(1719100,7)
(1305200,7)
(7481700,7)
(5348800,7)
(10021500,7)
(5457100,7)
(506700,7)
(1721700,7)
(639900,7)
(216900,7)
(6559200,7)
(3274100,7)
(3985400,7)
(2045100,7)
(2864000,7)
(950600,7)
(419000,7)
(8927400,7)
(1446200,7)
(8833600,7)
(5609000,7)
(524600,7)
(9264600,7)
(3224600,7)
(8925200,7)
(3084900,7)
(2369600,7)
(1892500,7)
(4564400,7)
(1240700,7)
(9080200,7)
(2839500,7)
(984400,7)
(2818500,7)
(6757900,7)
(985500,7)
(2559700,7)
(2340200,7)
(4692600,7)
(9691600,7)
(1955200,7)
(9433300,7)
(9153800,7)
(2258500,7)
(9126900,7)
(523500,7)
(9992500,7)
(121200,7)
(8917900,7)
(1513900,7)
(6794300,7)
(1423300,7)
(7603900,7)
(1435500,7)
(395200,7)
(5812400,7)
(4898000,7)
(1569200,7)
(9026200,7)
(9689000,7)
(3073200,7)
(11084400,7)
(6790900,7)
(920100,7)
(1457200,7)
(3164900,7)
(287400,7)
(9613600,7)
(4669900,7)
(994500,7)
(5805400,7)
(181700,7)
(9504800,7)
(6600,7)
(544700,7)
(6566700,7)
(2178600,7)
(9222700,7)
(9184000,7)
(4798700,7)
(4687100,7)
(2899100,7)
(4441000,7)
(5831200,7)
(1348800,7)
(645600,7)
(865200,7)
(9012500,7)
(2861400,7)
(534700,7)
(1581800,7)
(9199100,7)
(2818600,7)
(1432900,7)
(380400,7)
(1892600,7)
(5059200,7)
(8894700,7)
(9515000,7)
(223500,7)
(1712200,7)
(1229300,7)
(9331100,7)
(3405900,7)
(5801600,7)
(6691300,7)
(1903900,7)
(3230200,7)
(565100,7)
(8837600,7)
(8933300,7)
(1939900,7)
(7065400,7)
(2633700,7)
(4910900,7)
(8294400,7)
(5349900,7)
(8032400,7)
(1039000,7)
(558000,7)
(4214700,7)
(1564600,7)
(2461100,7)
(6773500,7)
(1554300,7)
(3275600,7)
(2392800,7)
(6723500,7)
(9017900,7)
(8564900,7)
(1143400,7)
(9798200,7)
(2103700,7)
(566400,7)
(9909700,7)
(212100,7)
(198200,7)
(682000,7)
(1770200,7)
(1163300,7)
(9103800,7)
(2205200,7)
(160700,7)
(725800,7)
(2042500,7)
(2452600,7)
(2097400,7)
(4196800,7)
(1419700,7)
(1537000,7)
(6885800,7)
(1819700,7)
(5478100,7)
(1170200,7)
(3936100,7)
(981900,7)
(2444900,7)
(1048500,7)
(5871800,7)
(9209300,7)
(4445500,7)
(1007100,7)
(2520000,7)
(5594700,7)
(9332800,7)
(7067400,7)
(9228300,7)
(746400,7)
(6758500,7)
(9626600,7)
(2969700,7)
(6784800,7)
(2153500,7)
(1671100,7)
(3035500,7)
(586100,7)
(2452200,7)
(1097800,7)
(3936500,7)
(1019200,7)
(2452800,7)
(3746600,7)
(666300,7)
(1926300,7)
(106100,7)
(8774100,7)
(264800,7)
(2880200,7)
(3295400,7)
(5465000,7)
(4996300,7)
(5031300,7)
(1590500,7)
(1156600,7)
(920000,7)
(8817600,7)
(8653200,7)
(8244700,7)
(6552000,7)
(3592200,7)
(8929200,7)
(4566800,7)
(6707500,7)
(1437900,7)
(2102600,7)
(1315200,7)
(3380600,7)
(4869800,7)
(593900,7)
(4835800,7)
(442300,7)
(4868200,7)
(3144700,7)
(1591000,7)
(5525600,7)
(4218200,7)
(8799200,7)
(5945700,7)
(9891500,7)
(6771900,7)
(207900,7)
(6703900,7)
(740000,7)
(8998600,7)
(8295100,7)
(3999400,7)
(3000700,7)
(9007200,7)
(602200,7)
(9116000,7)
(5747400,7)
(9507000,7)
(1896400,7)
(2301500,7)
(971100,7)
(4121500,7)
(7257400,7)
(7608000,7)
(571700,7)
(1175300,7)
(9037800,7)
(1141000,7)
(9924100,7)
(6590800,7)
(3359700,7)
(713200,7)
(4281200,7)
(1184300,7)
(9215700,7)
(1869900,7)
