(5782800,9)
(7110500,9)
(5759800,9)
(405000,9)
(53000,9)
(3380900,9)
(635800,9)
(1666400,9)
(675100,9)
(226300,9)
(1163400,9)
(9076000,9)
(8000,9)
(6930400,9)
(701900,9)
(117000,9)
(6578200,9)
(4446900,9)
(1172700,9)
(1389100,9)
(8888600,9)
(3413200,9)
(7876100,9)
(9037600,9)
(4189700,9)
(8899900,9)
(3942900,9)
(151500,9)
(5499200,9)
(6737000,9)
(2197200,9)
(7098700,9)
(85400,9)
(4701500,9)
(2078400,9)
(8809100,9)
(7106900,9)
(3309600,9)
(2678000,9)
(4902500,9)
(8888700,9)
(4690700,9)
(4514500,9)
(1489400,9)
(10013800,9)
(5616000,9)
(4413700,9)
(2798100,9)
(3576800,9)
(3389600,9)
(3561600,9)
(1663000,9)
(3900600,9)
(3898800,9)
(6557200,9)
(2255100,9)
(1319500,9)
(9387500,9)
(2795400,9)
(7517800,9)
(6528600,9)
(2817300,9)
(4675700,9)
(263800,9)
(4230100,9)
(9148100,9)
(4170000,9)
(1565600,9)
(3033700,9)
(1006500,9)
(547700,9)
(4317500,9)
(9197900,9)
(8880200,9)
(9206800,9)
(252000,9)
(4525100,9)
(8976700,9)
(6625200,9)
(9021400,9)
(1700900,9)
(7826100,9)
(8900200,9)
(4021600,9)
(9021700,9)
(3886200,9)
(3328100,9)
(1452200,9)
(7064600,9)
(642300,9)
(6642400,9)
(3899200,9)
(4186400,9)
(5971800,9)
(8832800,9)
(637000,9)
(5726600,9)
(1097900,9)
(2070000,9)
(4183500,9)
(5951400,9)
(8909800,9)
(2530800,9)
(1688400,9)
(9651700,9)
(5403900,9)
(4388600,9)
(6534800,9)
(1283600,9)
(2794600,9)
(1308900,9)
(283200,9)
(3380200,9)
(1431000,9)
(3576500,9)
(6534000,9)
(4764400,9)
(4171200,9)
(3104000,9)
(6566900,9)
(2821800,9)
(3899700,9)
(8894200,9)
(869700,9)
(2435900,9)
(6537600,9)
(7429200,9)
(840100,9)
(4861600,9)
(5905200,9)
(6494400,9)
(3042500,9)
(1236900,9)
(9338100,9)
(655900,9)
(8879000,9)
(4683600,9)
(1676600,9)
(414100,9)
(10065800,9)
(9328200,9)
(2511200,9)
(1203100,9)
(2718900,9)
(619700,9)
(3358600,9)
(5887500,9)
(2538000,9)
(1014100,9)
(982300,9)
(608200,9)
(4071800,9)
(672400,9)
(5370900,9)
(35200,9)
(7373800,9)
(8763500,9)
(6733900,9)
(385300,9)
(3065600,9)
(5477600,9)
(9080500,9)
(1705800,9)
(3214000,9)
(364700,9)
(1504000,9)
(4187800,9)
(1025200,9)
(172600,9)
(3406000,9)
(870100,9)
(9004600,9)
(638000,9)
(2973700,9)
(1044500,9)
(2610800,9)
(1820600,9)
(1458700,9)
(3456400,9)
(606800,9)
(4854600,9)
(8824300,9)
(8926600,9)
(7868600,9)
(1817700,9)
(3262600,9)
(3561400,9)
(1710500,9)
(744500,9)
(401400,9)
(4989500,9)
(2657600,9)
(1348900,9)
(8905000,9)
(4191300,9)
(1062700,9)
(916900,9)
(2344100,9)
(10644000,9)
(6694100,9)
(2713800,9)
(3030500,9)
(5472500,9)
(5895100,9)
(2289600,9)
(2356400,9)
(2973900,9)
(2867100,9)
(3144300,9)
(8993800,9)
(9126300,9)
(2969400,9)
(3576900,9)
(613800,9)
(5478700,9)
(3407700,9)
(6824000,9)
(9379500,9)
(42000,9)
(6930300,9)
(6625000,9)
(6913500,9)
(9340200,9)
(525700,9)
(3409500,9)
(237200,9)
(3201100,9)
(288200,9)
(1064400,9)
(451900,9)
(877400,9)
(1190200,9)
(1616000,9)
(85600,9)
(1324500,9)
(2146000,9)
(2802800,9)
(8842200,9)
(5805000,9)
(7416500,9)
(3204600,9)
(8866500,9)
(3089500,9)
(4961600,9)
(40500,9)
(2677700,9)
(2423500,9)
(985200,9)
(8896000,9)
(5649400,9)
(1316800,9)
(2992100,9)
(6631600,9)
(8964100,9)
(9700000,9)
(4238900,9)
(2657400,9)
(1084600,9)
(2472200,9)
(4696400,9)
(4043200,9)
(397500,9)
(10624700,9)
(2113200,9)
(3114200,9)
(3914000,9)
(9064800,9)
(4834800,9)
(6704900,9)
(710500,9)
(1882300,9)
(131200,9)
(1373700,9)
(2659900,9)
(3577100,9)
(905600,9)
(1088400,9)
(120000,9)
(5732000,9)
(440100,9)
(1578400,9)
(9305400,9)
(3389800,9)
(581000,9)
(738800,9)
(6580500,9)
(9255000,9)
(418200,9)
(6687700,9)
(3092100,9)
(4480200,9)
(9000500,9)
(4789800,9)
(2836700,9)
(6523200,9)
(825500,9)
(1068200,9)
(6585400,9)
(6825800,9)
(953200,9)
(1240000,9)
(4013300,9)
(3360300,9)
(1381200,9)
(3977500,9)
(2476700,9)
(8840400,9)
(8780700,9)
(1471600,9)
(1529500,9)
(3049300,9)
(5827800,9)
(2343800,9)
(4856600,9)
(205900,9)
(844500,9)
(2110900,9)
(9716900,9)
(9306200,9)
(6746600,9)
(1308800,9)
(375700,9)
(1765700,9)
(2954000,9)
(9569900,9)
(2763700,9)
(6701800,9)
(1539300,9)
(1530500,9)
(9107600,9)
(1228100,9)
(5320100,9)
(1300200,9)
(5416500,9)
(8966400,9)
(214600,9)
(5469600,9)
(3396000,9)
(3486400,9)
(399200,9)
(1453100,9)
(8339300,9)
(1319000,9)
(1297700,9)
(6563500,9)
(2838400,9)
(10571900,9)
(9306300,9)
(2312900,9)
(9205400,9)
(4946000,9)
(1588000,9)
(1229800,9)
(600500,9)
(1071500,9)
(1837000,9)
(9387900,9)
(1533900,9)
(2052000,9)
(6700100,9)
(6780600,9)
(19000,9)
(1640700,9)
(4956100,9)
(576600,9)
(1558600,9)
(6711400,9)
(956500,9)
(4946100,9)
(3547000,9)
(2478600,9)
(10158200,9)
(1184800,9)
(29400,9)
(5734700,9)
(3885400,9)
(4971200,9)
(2464500,9)
(2082800,9)
(1910600,9)
(8966200,9)
(1448500,9)
(717400,9)
(87700,9)
(88100,9)
(7103900,9)
(387900,9)
(9373500,9)
(3286800,9)
(3480900,9)
(3432200,9)
(4671200,9)
(5897300,9)
(891400,9)
(1348600,9)
(7077100,9)
(526800,9)
(926300,9)
(7717300,9)
(3025300,9)
(4303900,9)
(995800,9)
(1762500,9)
(1350600,9)
(9885500,9)
(2380800,9)
(67500,9)
(2090500,9)
(408700,9)
(232200,9)
(591000,9)
(500400,9)
(1688700,9)
(6638200,9)
(1290400,9)
(413700,9)
(2493700,9)
(446200,9)
(1973400,9)
(397900,9)
(1978200,9)
(4942900,9)
(9227000,9)
(2238500,9)
(7395100,9)
(4073900,9)
(5370100,9)
(3253600,9)
(6514800,9)
(9590800,9)
(9573700,9)
(96000,9)
(2075900,9)
(3236800,9)
(8771900,9)
(9173800,9)
(101600,9)
(484300,9)
(1026400,9)
(2107900,9)
(1609800,9)
(1541100,9)
(3053200,9)
(8947700,9)
(27900,9)
(2762200,9)
(1025500,9)
(6895800,9)
(1116800,9)
(5474200,9)
(2102200,9)
(8960900,9)
(7070300,9)
(4665100,9)
(6555400,9)
(4186600,9)
(442600,9)
(662700,9)
(2428600,9)
(8776600,9)
(9030600,9)
(1182300,9)
(728200,9)
(1963200,9)
(678300,9)
(4129800,9)
(9111200,9)
(5739300,9)
(8896300,9)
(3481100,9)
(8852600,9)
(9739200,9)
(8804000,9)
(2810200,9)
(4446600,9)
(1354700,9)
(1735600,9)
(8960400,9)
(9011300,9)
(3157900,9)
(1022800,9)
(239800,9)
(260400,9)
(1875100,9)
(6723300,9)
(9483500,9)
(1746700,9)
(6710800,9)
(23000,9)
(2077300,9)
(1521900,9)
(3616900,9)
(1940700,9)
(1354900,9)
(572500,9)
(8930300,9)
(4226500,9)
(6939600,9)
(5592000,9)
(2636600,9)
(3236900,9)
(2371000,9)
(8929400,9)
(3171400,9)
(3172800,9)
(24100,9)
(5900,9)
(4197700,9)
(1378600,9)
(118700,9)
(1971700,9)
(4827600,9)
(6727500,9)
(8889300,9)
(2079100,9)
(2305600,9)
(210300,9)
(2434500,9)
(52300,9)
(523100,9)
(8831900,9)
(9117700,9)
(893600,9)
(10665000,9)
(9095200,9)
(3406300,9)
(1810200,9)
(4399500,9)
(739300,9)
(2290600,9)
(2385000,9)
(6917100,9)
(162400,9)
(2869100,9)
(34300,9)
(4256600,9)
(1155200,9)
(600800,9)
(7234400,9)
(1326500,9)
(443200,9)
(2492900,9)
(1688900,9)
(129900,9)
(3493000,9)
(2870000,9)
(3573300,9)
(313200,9)
(5355000,9)
(4851600,9)
(2882200,9)
(1416000,9)
(8890700,9)
(4934900,9)
(2878400,9)
(975000,9)
(136600,9)
(3497700,9)
(4600,9)
(7564000,9)
(4021700,9)
(1626000,9)
(70300,9)
(194200,9)
(6723800,9)
(6786200,9)
(5884100,9)
(4810300,9)
(7250400,9)
(1328000,9)
(554000,9)
(2150100,9)
(2400200,9)
(9912900,9)
(1459000,9)
(3349000,9)
(3118200,9)
(7710600,9)
(6924300,9)
(6817100,9)
(1310400,9)
(249900,9)
(5232300,9)
(2676800,9)
(469700,9)
(2926700,9)
(734300,9)
(8864500,9)
(8825500,9)
(4867600,9)
(3518700,9)
(7675800,9)
(227600,9)
(1706400,9)
(291300,9)
(635900,9)
(716200,9)
(6760200,9)
(535700,9)
(1715300,9)
(2113000,9)
(6748800,9)
(1781900,9)
(895700,9)
(3576300,9)
(2181400,9)
