(242600,15)
(5717900,15)
(1930300,15)
(389600,15)
(934500,15)
(2206600,15)
(4978400,15)
(2316700,15)
(682100,15)
(5886000,15)
(2780500,15)
(368700,15)
(5502700,15)
(584800,15)
(1305400,15)
(3381700,15)
(8824900,15)
(1177900,15)
(1574800,15)
(376900,15)
(119100,15)
(9296500,15)
(8880600,15)
(8822300,15)
(2166900,15)
(958700,15)
(932400,15)
(1574700,15)
(296300,15)
(3062300,15)
(383900,15)
(8948500,15)
(9093900,15)
(8871600,15)
(681400,15)
(6772200,15)
(7677400,15)
(382200,15)
(5969100,15)
(1508300,15)
(8794300,15)
(8864800,15)
(3102900,15)
(9368400,15)
(6531900,15)
(2525600,15)
(6757700,15)
(229500,15)
(916700,15)
(4011600,15)
(1512200,15)
(1904500,15)
(455200,15)
(2820800,15)
(55900,15)
(1049100,15)
(4190000,15)
(1485600,15)
(4503400,15)
(1014900,15)
(4458400,15)
(9086800,15)
(3350800,15)
(2077600,15)
(1809900,15)
(9306700,15)
(8952600,15)
(2959900,15)
(1975600,15)
(955000,15)
(8882300,15)
(2431900,15)
(176700,15)
(418600,15)
(1377600,15)
(6598300,15)
(3900,15)
(922400,15)
(3567600,15)
(2809700,15)
(1326200,15)
(5563700,15)
(1631300,15)
(1018100,15)
(2959100,15)
(585900,15)
(8877600,15)
(8954100,15)
(1515400,15)
(3922000,15)
(405700,15)
(278100,15)
(4197600,15)
(947000,15)
(1144600,15)
(3071100,15)
(258700,15)
(9200,15)
(1174700,15)
(3586600,15)
(2349400,15)
(6771400,15)
(1605600,15)
(8991500,15)
(1766900,15)
(1181400,15)
(944200,15)
(4158500,15)
(1753900,15)
(1313400,15)
(2950300,15)
(677100,15)
(616500,15)
(1739700,15)
(3493400,15)
(2060300,15)
(119700,15)
(3374000,15)
(242200,15)
(2618500,15)
(8989300,15)
(1497700,15)
(96700,15)
(31300,15)
(1359900,15)
(3141000,15)
(2399500,15)
(8920900,15)
(3595100,15)
(1203300,15)
(1095300,15)
(1144800,15)
(562600,15)
(8040000,15)
(8595500,15)
(5805100,15)
(8782300,15)
(915200,15)
(3066000,15)
(92400,15)
(4215500,15)
(2773500,15)
(193500,15)
(6893200,15)
(641200,15)
(5736300,15)
(1829800,15)
(3914600,15)
(1456900,15)
(679600,15)
(212600,15)
(2451900,15)
(9783600,15)
(2172400,15)
(5357400,15)
(1229700,15)
(2649400,15)
(1511600,15)
(230900,15)
(1740900,15)
(93300,15)
(1087500,15)
(1755700,15)
(572700,15)
(1484900,15)
(5737200,15)
(1443400,15)
(287700,15)
(4973100,15)
(3480200,15)
(740400,15)
(3173400,15)
(1320700,15)
(4798900,15)
(97000,15)
(614000,15)
(9069900,15)
(3153700,15)
(1236100,15)
(8851700,15)
(7204800,15)
(4626000,15)
(932700,15)
(1582300,15)
(194000,15)
(9067700,15)
(1506700,15)
(3377300,15)
(605800,15)
(4230500,15)
(2860200,15)
(784400,15)
(2272800,15)
(2170700,15)
(200000,15)
(84600,15)
(52700,15)
(9112900,15)
(3939500,15)
(3128100,15)
(2246800,15)
(1166800,15)
(1463000,15)
(653100,15)
(728100,15)
(2208200,15)
(1294800,15)
(6561200,15)
(9265000,15)
(950000,15)
(6808800,15)
(904000,15)
(4876500,15)
(4392100,15)
(1174200,15)
(5390800,15)
(6632100,15)
(1580500,15)
(2151000,15)
(2939200,15)
(1942600,15)
(561900,15)
(8808300,15)
(8799300,15)
(4441200,15)
(683700,15)
(3904400,15)
(1521100,15)
(1231800,15)
(3283300,15)
(1060500,15)
(2300500,15)
(409300,15)
(4230800,15)
(62900,15)
(195100,15)
(447900,15)
(9009400,15)
(1148500,15)
(3469000,15)
(618900,15)
(752000,15)
(1506500,15)
(2341900,15)
(568100,15)
(118500,15)
(8991600,15)
(847700,15)
(2689000,15)
(6609900,15)
(619300,15)
(7251800,15)
(565900,15)
(1091500,15)
(545600,15)
(384600,15)
(6830400,15)
(4587500,15)
(570400,15)
(676500,15)
(397200,15)
(8804700,15)
(7400800,15)
(3087500,15)
(1484200,15)
(8895800,15)
(8892300,15)
(3451700,15)
(8807000,15)
(9553900,15)
(1142800,15)
(9092800,15)
(1389700,15)
(1150800,15)
(9079200,15)
(18300,15)
(1016800,15)
(5882900,15)
(1959700,15)
(1213800,15)
(11600,15)
(471100,15)
(31500,15)
