(1352600,14)
(1460500,14)
(5567100,14)
(37400,14)
(9184500,14)
(3385500,14)
(4391300,14)
(120900,14)
(6590300,14)
(780500,14)
(3012100,14)
(9871300,14)
(1615400,14)
(4013900,14)
(84200,14)
(738200,14)
(9064400,14)
(131400,14)
(1896500,14)
(2417200,14)
(2494800,14)
(1351500,14)
(550200,14)
(9463600,14)
(550000,14)
(9042200,14)
(1321100,14)
(1160600,14)
(525500,14)
(2706700,14)
(3096800,14)
(7070000,14)
(3479600,14)
(9722700,14)
(9878700,14)
(4981200,14)
(34500,14)
(1144500,14)
(4439900,14)
(962800,14)
(2791900,14)
(1861600,14)
(40300,14)
(91800,14)
(888700,14)
(267400,14)
(3148300,14)
(5476100,14)
(1296400,14)
(9157100,14)
(1516900,14)
(2135300,14)
(7956300,14)
(787200,14)
(295300,14)
(5379900,14)
(3333400,14)
(2480500,14)
(5737100,14)
(3023600,14)
(3592800,14)
(4410700,14)
(9026300,14)
(360000,14)
(1950600,14)
(1175400,14)
(1443800,14)
(6700,14)
(1197800,14)
(1285100,14)
(564800,14)
(6786500,14)
(2562100,14)
(4151200,14)
(3357700,14)
(1121000,14)
(1069800,14)
(3972600,14)
(1501300,14)
(1472500,14)
(9907900,14)
(1973300,14)
(9393000,14)
(4800600,14)
(6714400,14)
(3152700,14)
(8828600,14)
(481800,14)
(3016000,14)
(8850700,14)
(1210200,14)
(1672000,14)
(3383800,14)
(1086100,14)
(6533300,14)
(4079200,14)
(2530500,14)
(1089600,14)
(9182400,14)
(4629500,14)
(4082600,14)
(3918100,14)
(938200,14)
(1633800,14)
(4394100,14)
(8764800,14)
(671600,14)
(6560800,14)
(1563000,14)
(6630300,14)
(1103000,14)
(1499000,14)
(9179400,14)
(782800,14)
(127100,14)
(4390600,14)
(265000,14)
(1852400,14)
(8974600,14)
(582300,14)
(528600,14)
(17500,14)
(8038600,14)
(2496800,14)
(2292200,14)
(6571800,14)
(1974200,14)
(679300,14)
(898900,14)
(3921400,14)
(7453700,14)
(1532600,14)
(4522500,14)
(9163700,14)
(4116900,14)
(3359900,14)
(3936000,14)
(233800,14)
(61600,14)
(2205300,14)
(572100,14)
(2561000,14)
(9035900,14)
(1426900,14)
(990800,14)
(753600,14)
(490200,14)
(5386800,14)
(1948700,14)
(2699600,14)
(8804400,14)
(1449800,14)
(3361400,14)
(5978700,14)
(4699400,14)
(79100,14)
(4892000,14)
(2827200,14)
(8801600,14)
(224900,14)
(3368800,14)
(41600,14)
(9471300,14)
(13400,14)
(4196700,14)
(2525300,14)
(2336900,14)
(1846300,14)
(8839300,14)
(1315000,14)
(2247700,14)
(92800,14)
(956300,14)
(872600,14)
(915100,14)
(4441400,14)
(717000,14)
(412700,14)
(9882400,14)
(1975800,14)
(1032000,14)
(737100,14)
(667900,14)
(2430500,14)
(3518100,14)
(3480800,14)
(1623800,14)
(1265900,14)
(1614200,14)
(2813000,14)
(1013600,14)
(7961400,14)
(1782900,14)
(8911600,14)
(83600,14)
(2614100,14)
(1200900,14)
(4183900,14)
(3412100,14)
(2117400,14)
(229200,14)
(789600,14)
(568000,14)
(2694800,14)
(2437100,14)
(4687900,14)
(4625400,14)
(1390100,14)
(737300,14)
(2659300,14)
(2494700,14)
(3245700,14)
(7527500,14)
(6579300,14)
(4229900,14)
(1818200,14)
(1368400,14)
(7299900,14)
(4876100,14)
(1959800,14)
(4022600,14)
(894200,14)
(2821300,14)
(5720300,14)
(1601900,14)
(601500,14)
(4197000,14)
(5400,14)
(1048800,14)
(3065100,14)
(84100,14)
(1299800,14)
(1610300,14)
(3916900,14)
(933400,14)
(3265800,14)
(6584600,14)
(2243200,14)
(34200,14)
(616000,14)
(789800,14)
(1513500,14)
(8910100,14)
(234400,14)
(4164400,14)
(6584300,14)
(6524600,14)
(5415400,14)
(8100,14)
(8888300,14)
(2645700,14)
(1174100,14)
(1115700,14)
(4627100,14)
(2495300,14)
(1824500,14)
(1223200,14)
(530500,14)
(3381100,14)
(3580900,14)
(8802900,14)
(44700,14)
(2396400,14)
(1150200,14)
(5736700,14)
(4411900,14)
(1753300,14)
(2596300,14)
(4998200,14)
(10059000,14)
(7061700,14)
(1706600,14)
(45700,14)
(5275800,14)
(1551900,14)
(7287100,14)
(3921700,14)
(6631900,14)
(9007500,14)
(238900,14)
(1508900,14)
(3004000,14)
(4154300,14)
(6557500,14)
(8798800,14)
(404500,14)
(1896300,14)
(2686500,14)
(2966700,14)
(8849900,14)
(9088200,14)
(1543600,14)
(2775900,14)
(7252400,14)
(4176300,14)
(4404400,14)
(9841200,14)
(1508800,14)
(202200,14)
(1956200,14)
(706500,14)
(4168900,14)
(1914300,14)
(2200500,14)
(2466500,14)
(8953600,14)
(4721200,14)
(9821500,14)
(5332200,14)
(3009100,14)
