(8799400,11)
(384700,11)
(2539800,11)
(2279200,11)
(8985200,11)
(8728000,11)
(1355100,11)
(893800,11)
(7163600,11)
(6840500,11)
(1299000,11)
(1900400,11)
(199600,11)
(4846700,11)
(1356300,11)
(664000,11)
(6785100,11)
(216400,11)
(1645200,11)
(4726000,11)
(9310400,11)
(2258800,11)
(1525200,11)
(6497100,11)
(9183100,11)
(3385000,11)
(573300,11)
(231300,11)
(7610800,11)
(2243800,11)
(4553900,11)
(1447000,11)
(3519500,11)
(6153700,11)
(3886800,11)
(5590100,11)
(4411000,11)
(1189200,11)
(4184600,11)
(1320300,11)
(292800,11)
(4185800,11)
(2510800,11)
(6561300,11)
(2951800,11)
(9128100,11)
(62000,11)
(4118500,11)
(432500,11)
(2006900,11)
(4559400,11)
(6813000,11)
(5353900,11)
(5480300,11)
(3634900,11)
(2312000,11)
(1816900,11)
(10700,11)
(5379400,11)
(4860300,11)
(6773200,11)
(4154200,11)
(2494900,11)
(2040700,11)
(429900,11)
(1385700,11)
(7138900,11)
(648900,11)
(220100,11)
(9005000,11)
(8720200,11)
(9425100,11)
(789400,11)
(1486200,11)
(3013500,11)
(4043700,11)
(2288600,11)
(5677100,11)
(530300,11)
(218200,11)
(1823700,11)
(277900,11)
(3540200,11)
(2654900,11)
(1042900,11)
(2898300,11)
(1056800,11)
(9095600,11)
(1799200,11)
(3219600,11)
(1156900,11)
(6810100,11)
(6714600,11)
(5474800,11)
(6800,11)
(284600,11)
(7252500,11)
(3251700,11)
(3577200,11)
(2444800,11)
(5380000,11)
(8858700,11)
(2150800,11)
(1235500,11)
(4157500,11)
(6597300,11)
(2164100,11)
(1543900,11)
(1299600,11)
(2387600,11)
(1188100,11)
(4217200,11)
(217300,11)
(1986000,11)
(1512000,11)
(2847100,11)
(679900,11)
(1844000,11)
(4709200,11)
(618300,11)
(1231600,11)
(2804800,11)
(569300,11)
(4178100,11)
(3574200,11)
(1546200,11)
(991600,11)
(240100,11)
(8961400,11)
(7254800,11)
(2158500,11)
(3286200,11)
(4421300,11)
(1278300,11)
(793000,11)
(6599000,11)
(3500400,11)
(101900,11)
(1372300,11)
(3905400,11)
(4686000,11)
(3009400,11)
(2906300,11)
(8937300,11)
(6861100,11)
(8987100,11)
(7255300,11)
(4702000,11)
(1390700,11)
(6510900,11)
(287300,11)
(3237700,11)
(989800,11)
(734200,11)
(243100,11)
(23700,11)
(565000,11)
(3092000,11)
(1888600,11)
(1444800,11)
(102300,11)
(4834000,11)
(7290600,11)
(3009700,11)
(171400,11)
(618600,11)
(2343000,11)
(2516900,11)
(4545000,11)
(438700,11)
(2820000,11)
(9505600,11)
(8946400,11)
(1374300,11)
(4408100,11)
(1535900,11)
(4026000,11)
(1535100,11)
(980100,11)
(1805700,11)
(1657200,11)
(1431300,11)
(3349300,11)
(4676200,11)
(1171000,11)
(4793600,11)
(5872100,11)
(1333700,11)
(2236700,11)
(5886400,11)
(6760900,11)
(967900,11)
(365800,11)
(6765100,11)
(959700,11)
(653600,11)
(584600,11)
(922500,11)
(3332700,11)
(7887100,11)
(9080100,11)
(1049700,11)
(71700,11)
(4155200,11)
(1097600,11)
(633300,11)
(2332000,11)
(1299300,11)
(8957700,11)
(6566100,11)
(225000,11)
(1528900,11)
(1832600,11)
(432200,11)
(4523800,11)
(9150100,11)
(213200,11)
(956800,11)
(1341400,11)
(5458200,11)
(9104400,11)
(10674400,11)
(8560300,11)
(1590300,11)
(1381000,11)
(6736000,11)
(4194500,11)
(1391400,11)
(8969700,11)
(74200,11)
(7000,11)
(6732300,11)
(5862000,11)
(2366900,11)
(2087900,11)
(17400,11)
(8940700,11)
(849600,11)
(1370700,11)
(1181700,11)
(3574800,11)
(4421900,11)
(4860800,11)
(8121000,11)
(2521400,11)
(1458200,11)
(7125300,11)
(6635900,11)
(739600,11)
(35100,11)
(450500,11)
(1087700,11)
(1020000,11)
(1459700,11)
(4692200,11)
(9839300,11)
(645200,11)
(4868600,11)
(8649900,11)
(9218200,11)
(6620000,11)
(119900,11)
(182900,11)
(4629000,11)
(9624900,11)
(1697900,11)
(1191900,11)
(9070100,11)
(4443200,11)
(84800,11)
(3401700,11)
(5818900,11)
(1019500,11)
(2894800,11)
(8834000,11)
(1743500,11)
(8871000,11)
(4829400,11)
(4188000,11)
(1986300,11)
(1617400,11)
(6721900,11)
(3462300,11)
(4415200,11)
(6564800,11)
(4161100,11)
(4221200,11)
(4214400,11)
(4041600,11)
(8932700,11)
(2157500,11)
(4417000,11)
(3388100,11)
(624100,11)
(3349400,11)
(2378300,11)
(251400,11)
(1322600,11)
(787000,11)
(1960100,11)
(8776700,11)
(3160800,11)
(6599100,11)
(549600,11)
(9120500,11)
(1111900,11)
(2621400,11)
(2003600,11)
(125100,11)
(671300,11)
(1062200,11)
(1387000,11)
(4409600,11)
(1453000,11)
(5480900,11)
(8998200,11)
(1288500,11)
(6558800,11)
(424200,11)
(1323100,11)
(435100,11)
(10064700,11)
(5737800,11)
(2508500,11)
(225800,11)
(3646400,11)
(2331100,11)
(1361300,11)
(652800,11)
(93000,11)
(403500,11)
(8886000,11)
(978400,11)
(6601700,11)
(7542100,11)
(9079800,11)
(6822300,11)
(8048200,11)
(4416100,11)
(4178700,11)
(6783500,11)
(8944300,11)
(1007700,11)
(889200,11)
(3565100,11)
(1162000,11)
(1843900,11)
(5007200,11)
(2786700,11)
(573500,11)
(4901800,11)
(3088300,11)
(614200,11)
(173400,11)
(1803500,11)
(260800,11)
(1447400,11)
(1732900,11)
(7359800,11)
(679500,11)
(3577000,11)
(1979900,11)
(1010500,11)
(5936200,11)
(1521500,11)
(8924400,11)
(1847200,11)
(4245900,11)
(2621200,11)
(382500,11)
(2871100,11)
(1313100,11)
(743200,11)
(1616600,11)
(1201000,11)
(3233600,11)
(6589400,11)
(913600,11)
(249500,11)
(1184900,11)
(1597800,11)
(742700,11)
(931500,11)
(454200,11)
(9287500,11)
(4192100,11)
(5908900,11)
(2444700,11)
(1387400,11)
(28500,11)
(6737100,11)
(4688100,11)
(4190500,11)
(3375300,11)
(6754500,11)
(39100,11)
(4451400,11)
(8764700,11)
(51200,11)
(106800,11)
(788200,11)
(9537000,11)
(440900,11)
(5046200,11)
(19500,11)
(4115900,11)
(105900,11)
(6901800,11)
(8113300,11)
(6805500,11)
(6526800,11)
(874300,11)
(1208300,11)
(1234100,11)
(8944000,11)
(106600,11)
(2050300,11)
(1850500,11)
(3613200,11)
(4722300,11)
(5931900,11)
(420300,11)
(1322500,11)
(2518300,11)
(4188400,11)
(492400,11)
(32900,11)
(7798700,11)
(3390000,11)
(1191000,11)
(1605800,11)
(9133100,11)
(4571600,11)
(124900,11)
(1828900,11)
(233200,11)
(3099600,11)
(2819900,11)
(8934500,11)
(9436300,11)
(9087600,11)
