(637100,8)
(8844500,8)
(79300,8)
(4228100,8)
(21700,8)
(4215100,8)
(5417400,8)
(5472600,8)
(979600,8)
(437400,8)
(110900,8)
(456100,8)
(1150600,8)
(8819700,8)
(4804600,8)
(671700,8)
(6822100,8)
(593400,8)
(9112400,8)
(3126900,8)
(1571500,8)
(2900000,8)
(9100300,8)
(4176100,8)
(289600,8)
(601200,8)
(1816600,8)
(4179100,8)
(4904100,8)
(9154100,8)
(3592300,8)
(1156700,8)
(527400,8)
(1715200,8)
(8799800,8)
(6825200,8)
(158900,8)
(8966600,8)
(3495600,8)
(724400,8)
(1333200,8)
(1443500,8)
(4456800,8)
(4278700,8)
(3659800,8)
(891600,8)
(3320400,8)
(4099900,8)
(676600,8)
(59600,8)
(3901200,8)
(5031600,8)
(8769700,8)
(1589100,8)
(597800,8)
(4387700,8)
(3127500,8)
(3543800,8)
(3517900,8)
(9218000,8)
(259300,8)
(1083400,8)
(4863500,8)
(8975800,8)
(1512900,8)
(8908900,8)
(1701300,8)
(6637900,8)
(1283800,8)
(9369400,8)
(3059500,8)
(6589900,8)
(6886900,8)
(1756800,8)
(998500,8)
(1291500,8)
(9469300,8)
(1305700,8)
(9691900,8)
(2266300,8)
(6686500,8)
(4515600,8)
(1950700,8)
(1599500,8)
(9955900,8)
(2072000,8)
(3498200,8)
(2489000,8)
(2561500,8)
(1709600,8)
(1578300,8)
(1683300,8)
(2329000,8)
(3384000,8)
(2058600,8)
(120400,8)
(2249500,8)
(2433600,8)
(8629800,8)
(54400,8)
(867100,8)
(1862400,8)
(106900,8)
(2534400,8)
(5891700,8)
(9326000,8)
(662800,8)
(2923500,8)
(8981400,8)
(73500,8)
(2869300,8)
(4129300,8)
(1937700,8)
(899900,8)
(6917400,8)
(9207700,8)
(4263200,8)
(2936200,8)
(2678600,8)
(1826400,8)
(1061300,8)
(120600,8)
(4194000,8)
(4957600,8)
(2143300,8)
(9971200,8)
(494400,8)
(1506000,8)
(420100,8)
(60500,8)
(1312400,8)
(2398700,8)
(1830500,8)
(8986500,8)
(985900,8)
(5493600,8)
(990500,8)
(2870500,8)
(1318900,8)
(301700,8)
(4242100,8)
(5609200,8)
(2098300,8)
(901800,8)
(4415000,8)
(8812900,8)
(4224100,8)
(5593000,8)
(571300,8)
(9858900,8)
(404800,8)
(1347000,8)
(3342200,8)
(922800,8)
(1847600,8)
(4573200,8)
(2873100,8)
(2044600,8)
(9822800,8)
(6755700,8)
(2319800,8)
(9370900,8)
(931300,8)
(4709700,8)
(1920600,8)
(5731400,8)
(5564400,8)
(6752700,8)
(6806300,8)
(2311000,8)
(6587200,8)
(1818400,8)
(4877000,8)
(9069000,8)
(2767000,8)
(6617400,8)
(142100,8)
(436600,8)
(4182100,8)
(301400,8)
(1237700,8)
(4412300,8)
(6792300,8)
(3455200,8)
(2655300,8)
(5596200,8)
(1153700,8)
(2299300,8)
(1065000,8)
(1322100,8)
(4535200,8)
(2108500,8)
(7500,8)
(6705400,8)
(417700,8)
(7256100,8)
(3594800,8)
(1287400,8)
(8945700,8)
(949800,8)
(9095500,8)
(1096200,8)
(9859900,8)
(1493500,8)
(1762400,8)
(1198900,8)
(9007100,8)
(902300,8)
(5735300,8)
(3424900,8)
(1190300,8)
(3427700,8)
(4999500,8)
(8344500,8)
(3998400,8)
(4020700,8)
(9576300,8)
(3360200,8)
(627200,8)
(300900,8)
(3582300,8)
(247700,8)
(8830200,8)
(526700,8)
(64800,8)
(2537100,8)
(2473400,8)
(2953100,8)
(8984500,8)
(68200,8)
(3221800,8)
(4398900,8)
(3167000,8)
(1053800,8)
(615400,8)
(1208800,8)
(4689200,8)
(9890100,8)
(1389300,8)
(3059600,8)
(1375500,8)
(1225200,8)
(4993500,8)
(157400,8)
(459700,8)
(1096400,8)
(3560400,8)
(638200,8)
(2066600,8)
(6248300,8)
(6758900,8)
(2651000,8)
(4260500,8)
(3390800,8)
(282300,8)
(1535300,8)
(8852900,8)
(1484800,8)
(6551000,8)
(2719400,8)
(6825000,8)
(8638000,8)
(3932000,8)
(892200,8)
(906500,8)
(1699100,8)
(878900,8)
(1517100,8)
(240300,8)
(2417600,8)
(1983800,8)
(8872400,8)
(3914400,8)
(106300,8)
(8770600,8)
(1825700,8)
(7114300,8)
(1299400,8)
(8798600,8)
(4707100,8)
(3071200,8)
(3936600,8)
(5802100,8)
(9038400,8)
(682500,8)
(1533800,8)
(70600,8)
(3058800,8)
(3095400,8)
(8970800,8)
(8545900,8)
(6932600,8)
(7436300,8)
(3286600,8)
(4181600,8)
(2456700,8)
(395000,8)
(2000100,8)
(1393000,8)
(2284700,8)
(2623600,8)
(9355000,8)
(397800,8)
(1966200,8)
(9517400,8)
(549100,8)
(3595400,8)
(5803700,8)
(6738200,8)
(348300,8)
(6798300,8)
(2424100,8)
(1661400,8)
(5411500,8)
(441900,8)
(607300,8)
(2263500,8)
(5764900,8)
(4689100,8)
(2386500,8)
(6928100,8)
(9305800,8)
(585000,8)
(3272100,8)
(1209300,8)
(5744600,8)
(2763300,8)
(1976900,8)
(9597800,8)
(90500,8)
(1732800,8)
(101300,8)
(8859500,8)
(1819300,8)
(302000,8)
(1851700,8)
(4185600,8)
(2110000,8)
(2963900,8)
(4133400,8)
(1947200,8)
(131100,8)
(4191200,8)
(113000,8)
(5565800,8)
(9151000,8)
(315700,8)
(1045100,8)
(3041400,8)
(2477600,8)
(6590000,8)
(6757400,8)
(8377700,8)
(5777400,8)
(2113700,8)
(1685300,8)
(5481000,8)
(175400,8)
(9237600,8)
(5794700,8)
(1309000,8)
(15500,8)
(258600,8)
(3549100,8)
(4983800,8)
(4812900,8)
(1357400,8)
(5669300,8)
(1197100,8)
(1614100,8)
(926500,8)
(253000,8)
(1670800,8)
(8943700,8)
(3338600,8)
(8862800,8)
(174300,8)
(4570500,8)
(4326700,8)
(2112800,8)
(5736600,8)
(4585800,8)
(3062700,8)
(3362300,8)
(671000,8)
(2820300,8)
(27200,8)
(9414000,8)
(1115300,8)
(6805600,8)
(9194600,8)
(4676800,8)
(5891800,8)
(9270800,8)
(6628200,8)
(606600,8)
(8904800,8)
(1928700,8)
(7105900,8)
(5456400,8)
(5724600,8)
(4108600,8)
(289400,8)
(5416700,8)
(2177700,8)
(9372000,8)
(10121500,8)
(6734100,8)
(2721100,8)
(5716800,8)
(4982400,8)
(2135700,8)
(6810700,8)
(1305500,8)
(2808300,8)
(2177300,8)
(6712500,8)
(729200,8)
(3319800,8)
(4765000,8)
(2957600,8)
(1964800,8)
(2354800,8)
(4215400,8)
(1391500,8)
(3484900,8)
(6563800,8)
(2892300,8)
(6707100,8)
(6757600,8)
(1870900,8)
(46800,8)
(2620000,8)
(936400,8)
(2422800,8)
(8950500,8)
(1955500,8)
(3402700,8)
(4943600,8)
(1663800,8)
(9315200,8)
(1355400,8)
(1502700,8)
(4441900,8)
(3782300,8)
(1419800,8)
(10034800,8)
(1658900,8)
(8797700,8)
(5388000,8)
(8935000,8)
(6614200,8)
(4569700,8)
(885900,8)
(1271400,8)
(1753100,8)
(3207300,8)
(56500,8)
(2098800,8)
(102100,8)
(9917100,8)
(410000,8)
(895200,8)
(3332400,8)
(2688300,8)
(6575500,8)
(5966100,8)
(2621300,8)
(10182300,8)
(5364000,8)
(1144700,8)
(4572700,8)
(1516100,8)
(1865600,8)
(2710500,8)
(8911400,8)
(6635700,8)
(381400,8)
(4005700,8)
(2453500,8)
(1644200,8)
(6625400,8)
(613600,8)
(1347400,8)
(3390300,8)
(8954300,8)
(8908300,8)
(7938000,8)
(3960900,8)
(5772300,8)
(288600,8)
(2325100,8)
(6736100,8)
(8848600,8)
(9360000,8)
(8903500,8)
(542700,8)
(4867300,8)
(9119800,8)
(9141000,8)
(1219200,8)
(1748300,8)
(5735800,8)
(150400,8)
(8791000,8)
(5701800,8)
(5730800,8)
(8957200,8)
(447800,8)
(1527900,8)
(7214400,8)
(1802000,8)
(949300,8)
(1427700,8)
(1234900,8)
(5883000,8)
(3440200,8)
(5895600,8)
(4046800,8)
(2867700,8)
(1307000,8)
(1681600,8)
(1533500,8)
(1470300,8)
(2462700,8)
(8916500,8)
(654400,8)
(1025400,8)
(2126200,8)
(1244300,8)
(2481500,8)
(6557900,8)
(10232800,8)
(6586500,8)
(2486800,8)
(1765500,8)
(256700,8)
(924000,8)
(12700,8)
(378100,8)
(2837800,8)
(4040700,8)
(3845900,8)
(63900,8)
(6919300,8)
(1199500,8)
(8765600,8)
(7214500,8)
(9986000,8)
(1547800,8)
(2087500,8)
(1323900,8)
(84900,8)
(1315800,8)
(126300,8)
(291500,8)
(9977700,8)
(1683000,8)
(1790300,8)
(925800,8)
(8239200,8)
(9515500,8)
(1387300,8)
(2598000,8)
(1603300,8)
(6631300,8)
(4670500,8)
(6911000,8)
(1432700,8)
(2347000,8)
(633800,8)
(4153000,8)
(584300,8)
(738600,8)
(8827100,8)
(1676900,8)
(10259200,8)
(6752200,8)
(2981200,8)
(1935700,8)
(1193800,8)
(2795600,8)
(8782200,8)
(9339200,8)
(1951800,8)
(685400,8)
(477800,8)
(1056400,8)
(6705000,8)
(2135900,8)
(4409200,8)
(115300,8)
(6799700,8)
(9262000,8)
(862800,8)
(5298700,8)
(4181900,8)
(4186700,8)
(9674700,8)
(1747800,8)
(190800,8)
(633700,8)
(5700700,8)
(2305100,8)
(6738500,8)
(703300,8)
(9319300,8)
(3593600,8)
(3098500,8)
(2207100,8)
(8844900,8)
(3358100,8)
(2066100,8)
(241100,8)
(9612600,8)
(4557600,8)
(1561600,8)
(2670800,8)
(666900,8)
(9206300,8)
(523600,8)
(1663900,8)
(2988600,8)
(8900300,8)
(9881700,8)
(3497500,8)
(3007800,8)
(6744200,8)
(729400,8)
(786300,8)
(3936800,8)
(4248400,8)
(8831600,8)
(6721700,8)
(6566200,8)
(130000,8)
(8815000,8)
(253100,8)
(1715000,8)
(8324400,8)
(9493900,8)
(7798200,8)
(10471200,8)
(4978500,8)
(9285700,8)
(1383900,8)
(883100,8)
(2092400,8)
(133000,8)
(1963000,8)
(19900,8)
(7074500,8)
(4577900,8)
(1590800,8)
(885100,8)
(3409200,8)
(5822800,8)
(5008500,8)
(8988600,8)
(782400,8)
(3245800,8)
(1557300,8)
(9036100,8)
(552200,8)
(8793500,8)
(436100,8)
(3357000,8)
(1207700,8)
(4482700,8)
(1082700,8)
(6645300,8)
(129600,8)
(4218400,8)
(9413600,8)
(9174700,8)
(1613700,8)
(8812000,8)
(6524500,8)
(667000,8)
(2464600,8)
(4173400,8)
(3282900,8)
(2174900,8)
(3481300,8)
(2391000,8)
(413300,8)
(5950600,8)
(1486600,8)
(9400,8)
(31100,8)
(5792300,8)
(1845600,8)
(9074600,8)
(738700,8)
(1859900,8)
(8840000,8)
(8468600,8)
(2307300,8)
(2429300,8)
(253700,8)
(8894800,8)
(3152900,8)
(2380300,8)
(3583900,8)
(4206600,8)
(6635000,8)
(1602600,8)
(8840600,8)
(2381400,8)
(8974400,8)
(1067500,8)
(895300,8)
(4330300,8)
(1521300,8)
(846900,8)
(5966700,8)
(9331200,8)
(1494600,8)
(3420000,8)
(891100,8)
(7092500,8)
(2021000,8)
(56400,8)
(9413700,8)
(2867400,8)
(388600,8)
(4191500,8)
(3388200,8)
(8897600,8)
(1282100,8)
(8045700,8)
(1027500,8)
(1050100,8)
(9041600,8)
(6741800,8)
(236000,8)
(9344600,8)
(8951800,8)
(1811700,8)
(6753000,8)
(9162500,8)
(689400,8)
(1899000,8)
(8971900,8)
(1191300,8)
(10042200,8)
(1418200,8)
(1224200,8)
(8956400,8)
(3251800,8)
(6624100,8)
(8960700,8)
(3930400,8)
(4962600,8)
(15400,8)
(107600,8)
(8774800,8)
(3171700,8)
(10300,8)
(6688300,8)
(8838100,8)
(1733800,8)
(2060100,8)
(1896100,8)
(559400,8)
(1626500,8)
(8637400,8)
(4867000,8)
(1125300,8)
(2180300,8)
(3065400,8)
(2634500,8)
(3360700,8)
(2135500,8)
