(2344500,10)
(7817000,10)
(2153100,10)
(7451900,10)
(6917200,10)
(438300,10)
(4756600,10)
(8986400,10)
(8871100,10)
(8895600,10)
(8798300,10)
(1537400,10)
(1179900,10)
(1415800,10)
(1748100,10)
(6602600,10)
(1495800,10)
(576300,10)
(1181500,10)
(9064900,10)
(4195900,10)
(6556300,10)
(9136400,10)
(1514100,10)
(5059100,10)
(1673800,10)
(8908100,10)
(4492600,10)
(1772300,10)
(2120100,10)
(1472100,10)
(747200,10)
(406300,10)
(1824100,10)
(1310800,10)
(1008100,10)
(2116900,10)
(3088000,10)
(1515800,10)
(3298100,10)
(6686600,10)
(240900,10)
(1516400,10)
(4594100,10)
(238500,10)
(672600,10)
(4008700,10)
(4957800,10)
(202700,10)
(4526800,10)
(3362400,10)
(6785200,10)
(5359900,10)
(2659600,10)
(8817800,10)
(3120600,10)
(5829000,10)
(8771200,10)
(1744100,10)
(256600,10)
(6533700,10)
(2251000,10)
(6576600,10)
(6715000,10)
(609600,10)
(386800,10)
(1949400,10)
(2259800,10)
(6903800,10)
(1851900,10)
(9667700,10)
(97200,10)
(515000,10)
(6608400,10)
(3581900,10)
(2422100,10)
(3032400,10)
(3054400,10)
(400000,10)
(6607500,10)
(1328200,10)
(7376300,10)
(5479200,10)
(1371200,10)
(3490100,10)
(1454500,10)
(4447100,10)
(1779800,10)
(322800,10)
(6513200,10)
(9034800,10)
(4039900,10)
(8950900,10)
(2067100,10)
(2340900,10)
(6562300,10)
(1586400,10)
(8904500,10)
(4674400,10)
(5453700,10)
(4002100,10)
(3065900,10)
(1133400,10)
(741300,10)
(396000,10)
(1095600,10)
(5891300,10)
(6629000,10)
(2094900,10)
(2346400,10)
(10069300,10)
(2170300,10)
(8901400,10)
(2113400,10)
(3369600,10)
(6716800,10)
(1784700,10)
(1065300,10)
(3632000,10)
(274800,10)
(261600,10)
(1142900,10)
(695900,10)
(4832400,10)
(9045100,10)
(8266900,10)
(1299100,10)
(4448700,10)
(5673100,10)
(9282300,10)
(8560400,10)
(6751600,10)
(1646900,10)
(2333600,10)
(1322400,10)
(208200,10)
(893200,10)
(4667000,10)
(1734300,10)
(1984400,10)
(108500,10)
(1944100,10)
(601300,10)
(3910600,10)
(5973800,10)
(4485500,10)
(6513700,10)
(4137300,10)
(7957000,10)
(7320000,10)
(1947900,10)
(8808200,10)
(9033900,10)
(9063100,10)
(9880500,10)
(8874100,10)
(2363500,10)
(6586400,10)
(120300,10)
(1438200,10)
(2883900,10)
(2513800,10)
(120200,10)
(80500,10)
(1532200,10)
(3345800,10)
(545800,10)
(83200,10)
(10644500,10)
(1579300,10)
(1949000,10)
(4459400,10)
(8982900,10)
(2169300,10)
(4133500,10)
(9118600,10)
(850400,10)
(2076500,10)
(1456100,10)
(10054700,10)
(1438300,10)
(1908700,10)
(2176300,10)
(1870300,10)
(843300,10)
(4451100,10)
(917700,10)
(83900,10)
(1435200,10)
(9375800,10)
(9023300,10)
(887200,10)
(387600,10)
(2051900,10)
(2771700,10)
(2963100,10)
(1294200,10)
(9431200,10)
(2360300,10)
(8929100,10)
(4186100,10)
(10601700,10)
(2524700,10)
(4183600,10)
(5379300,10)
(9750500,10)
(7436900,10)
(62300,10)
(4164500,10)
(1846600,10)
(3057400,10)
(6569700,10)
(1042500,10)
(1328500,10)
(2045400,10)
(2124600,10)
(5496600,10)
(994900,10)
(1349000,10)
(4412800,10)
(4567400,10)
(2660500,10)
(127300,10)
(2606800,10)
(4001100,10)
(4629600,10)
(4567800,10)
(2842300,10)
(6686000,10)
(4199600,10)
(385000,10)
(3108500,10)
(7119600,10)
(740200,10)
(8854600,10)
(812800,10)
(6816200,10)
(1446400,10)
(3498600,10)
(4959100,10)
(1160400,10)
(380700,10)
(52900,10)
(1208900,10)
(1553100,10)
(1910500,10)
(1822700,10)
(8815400,10)
(4947700,10)
(1085400,10)
(2461900,10)
(9286300,10)
(1955100,10)
(2389700,10)
(933100,10)
(1200300,10)
(30700,10)
(5424600,10)
(3592100,10)
(484100,10)
(3295600,10)
(267200,10)
(2608100,10)
(1185300,10)
(2829000,10)
(9573600,10)
(1047900,10)
(594800,10)
(8876700,10)
(9437100,10)
(922600,10)
(4668600,10)
(1170900,10)
(1963800,10)
(4713700,10)
(6535500,10)
(1843500,10)
(9001900,10)
(9885200,10)
(1556200,10)
(4407700,10)
(222700,10)
(6712000,10)
(3323600,10)
(2625700,10)
(2490600,10)
(4159300,10)
(6923700,10)
(648000,10)
(2525800,10)
(161900,10)
(430300,10)
(9222400,10)
(4179000,10)
(4891700,10)
(6518700,10)
(2676400,10)
(6723400,10)
(4115400,10)
(3144000,10)
(251200,10)
(250900,10)
(194300,10)
(7492800,10)
(3358900,10)
(210000,10)
(154700,10)
(4691800,10)
(873900,10)
(9717600,10)
(574900,10)
(3383200,10)
(4215200,10)
(2673700,10)
(449900,10)
(4238700,10)
(4400100,10)
(3572800,10)
(2281800,10)
(5416900,10)
(1512600,10)
(2171300,10)
(3402600,10)
(4503800,10)
(8999500,10)
(5736000,10)
(4071600,10)
(3047200,10)
(1560300,10)
(1239300,10)
(1315100,10)
(4217600,10)
(5802400,10)
(4074600,10)
(1316200,10)
(928800,10)
(1307100,10)
(3292800,10)
(1823800,10)
(1709000,10)
(1320200,10)
(1146000,10)
(6685600,10)
(1032700,10)
(6523600,10)
(4238800,10)
(1018500,10)
(2526600,10)
(2325200,10)
(527500,10)
(7118000,10)
(8994100,10)
(4800300,10)
(4386100,10)
(6927600,10)
(4686200,10)
(3021200,10)
(1427300,10)
(3594300,10)
(1064200,10)
(2092800,10)
(4183000,10)
(631300,10)
(2238400,10)
(9321300,10)
(1374500,10)
(1233900,10)
(9023500,10)
(229700,10)
(3425900,10)
(7141600,10)
(5618100,10)
(116400,10)
(2241700,10)
(9280500,10)
(6597500,10)
(2955400,10)
(567100,10)
(3386900,10)
(6786100,10)
(4185400,10)
(2925700,10)
(671800,10)
(102600,10)
(743900,10)
(1662200,10)
(1566300,10)
(197900,10)
(4226300,10)
(891000,10)
(6941200,10)
(1284200,10)
(1499100,10)
(1345000,10)
(404000,10)
(1392900,10)
(640400,10)
(9004400,10)
(1005000,10)
(7403400,10)
(10124300,10)
(6567800,10)
(571000,10)
(9199800,10)
(443600,10)
(390000,10)
(4189600,10)
(1192300,10)
(2128600,10)
(5820200,10)
(606500,10)
(3506200,10)
(1850600,10)
(3354500,10)
(8427000,10)
(9136200,10)
(8810900,10)
(1955700,10)
(1376000,10)
(6789000,10)
(2256000,10)
(4188300,10)
(9044400,10)
(1656800,10)
(34700,10)
(1551800,10)
(1886300,10)
(5904700,10)
(100200,10)
(9037900,10)
(2509400,10)
(403400,10)
(1514000,10)
(5514500,10)
(2043600,10)
(3928200,10)
(6629200,10)
(68900,10)
(701400,10)
(9565500,10)
(2951700,10)
(2703600,10)
(2898500,10)
(2626600,10)
(496000,10)
(8995300,10)
(548700,10)
(6722900,10)
(1372800,10)
(1780300,10)
(456700,10)
(3356400,10)
(6617900,10)
(6989700,10)
(4411400,10)
(1102800,10)
(3515000,10)
(4122200,10)
(8849500,10)
(3900800,10)
(159700,10)
(1980600,10)
(1141900,10)
(669700,10)
(978300,10)
(69500,10)
(611600,10)
(3069900,10)
(2520200,10)
(1012200,10)
(3510300,10)
(4629100,10)
(660100,10)
(3929900,10)
(8931200,10)
(5247600,10)
(8781800,10)
(3529400,10)
(664900,10)
(591600,10)
(2188100,10)
(1539900,10)
(4455500,10)
(5200,10)
(89000,10)
(780900,10)
(3155900,10)
(472700,10)
(1146700,10)
(1205500,10)
(45800,10)
(8927300,10)
(1452400,10)
(3396100,10)
(1602000,10)
(6614700,10)
(3010600,10)
(58400,10)
(1291200,10)
(2900500,10)
(5738500,10)
(639700,10)
(3455400,10)
(954000,10)
(222000,10)
(5889200,10)
(1529800,10)
(9081600,10)
(1743300,10)
(296100,10)
(642400,10)
(6773300,10)
(2208700,10)
(153800,10)
(2321500,10)
(2265900,10)
(3285700,10)
(6906100,10)
(1559800,10)
(1848500,10)
(3389400,10)
(1000000,10)
(247000,10)
(1171200,10)
(3033100,10)
(1023500,10)
(983400,10)
(8439200,10)
(4275100,10)
(710400,10)
(116700,10)
(1544000,10)
