(5494100,5)
(9311500,5)
(3375600,5)
(1334100,5)
(3488200,5)
(1302200,5)
(927000,5)
(2043000,5)
(21300,5)
(1645600,5)
(2647700,5)
(1426800,5)
(5419000,5)
(4139900,5)
(3286700,5)
(7396300,5)
(1917500,5)
(2629300,5)
(4191600,5)
(3200900,5)
(4228300,5)
(387800,5)
(8567400,5)
(1029800,5)
(1095700,5)
(6900900,5)
(5708000,5)
(2183800,5)
(2388900,5)
(3060500,5)
(4187000,5)
(9003500,5)
(9371600,5)
(3444900,5)
(2108300,5)
(950400,5)
(10008700,5)
(5835700,5)
(9701000,5)
(8583800,5)
(87400,5)
(585200,5)
(4937100,5)
(4390400,5)
(3315200,5)
(9137800,5)
(594900,5)
(10643800,5)
(398600,5)
(10839400,5)
(4862800,5)
(9435000,5)
(1703200,5)
(272900,5)
(9094000,5)
(10868300,5)
(6545800,5)
(179500,5)
(2830600,5)
(602500,5)
(10332000,5)
(7327500,5)
(746600,5)
(1074400,5)
(3470300,5)
(229000,5)
(90700,5)
(9555200,5)
(9442100,5)
(208800,5)
(4530100,5)
(2457500,5)
(2112700,5)
(5724900,5)
(1491400,5)
(1109600,5)
(6784700,5)
(6747500,5)
(4312800,5)
(7109300,5)
(3500300,5)
(9087800,5)
(4867200,5)
(1452100,5)
(2113800,5)
(8845000,5)
(723900,5)
(3578800,5)
(735600,5)
(9164200,5)
(2783100,5)
(535600,5)
(3000200,5)
(1179100,5)
(2538600,5)
(3354800,5)
(1837900,5)
(4135600,5)
(5521900,5)
(3126400,5)
(9617800,5)
(1568400,5)
(1516000,5)
(3478600,5)
(1527500,5)
(2646700,5)
(9124300,5)
(7523100,5)
(2104600,5)
(9001600,5)
(1319700,5)
(621900,5)
(1074000,5)
(3411600,5)
(6549800,5)
(9153500,5)
(2647500,5)
(9418000,5)
(8879400,5)
(8882400,5)
(3104500,5)
(10463300,5)
(5662400,5)
(4474300,5)
(7110600,5)
(998900,5)
(1941300,5)
(3469300,5)
(188600,5)
(7556300,5)
(2475400,5)
(1219700,5)
(8844400,5)
(925700,5)
(1960400,5)
(10631400,5)
(262000,5)
(9527300,5)
(5335600,5)
(3901600,5)
(932800,5)
(374700,5)
(995000,5)
(9440400,5)
(1069000,5)
(8931800,5)
(1213600,5)
(8872800,5)
(1661700,5)
(1223900,5)
(3106300,5)
(8954200,5)
(6704600,5)
(4417500,5)
(6752400,5)
(4121800,5)
(9560000,5)
(9318800,5)
(1767800,5)
(987700,5)
(6617700,5)
(112100,5)
(4985800,5)
(5064000,5)
(3356900,5)
(8862300,5)
(1941400,5)
(3588400,5)
(3107100,5)
(2784300,5)
(1977100,5)
(211100,5)
(9061000,5)
(10114300,5)
(5418100,5)
(9521600,5)
(4831300,5)
(999300,5)
(1458400,5)
(2720100,5)
(3587200,5)
(7546200,5)
(6775300,5)
(4243900,5)
(6772600,5)
(849900,5)
(226000,5)
(5713200,5)
(1741100,5)
(3161900,5)
(1715900,5)
(9090100,5)
(3228800,5)
(1476200,5)
(947600,5)
(4229500,5)
(9128200,5)
(1133800,5)
(2203700,5)
(4436200,5)
(5885400,5)
(151200,5)
(5883400,5)
(9328900,5)
(3411900,5)
(6727400,5)
(7093100,5)
(1604800,5)
(1145900,5)
(2299100,5)
(10007700,5)
(3506100,5)
(7803700,5)
(9420300,5)
(1722200,5)
(6633800,5)
(6714200,5)
(4074700,5)
(9207000,5)
(5365300,5)
(3499100,5)
(6625300,5)
(1884500,5)
(8949000,5)
(299800,5)
(167800,5)
(6804000,5)
(8763600,5)
(9927100,5)
(2260500,5)
(8612000,5)
(9464000,5)
(2384500,5)
(1172600,5)
(743000,5)
(6862200,5)
(6770500,5)
(3524700,5)
(2368000,5)
(3117100,5)
(7420400,5)
(4571300,5)
(3942400,5)
(3378700,5)
(442400,5)
(7288500,5)
(118800,5)
(6752600,5)
(2089400,5)
(7690200,5)
(6765300,5)
(1228700,5)
(950800,5)
(2323400,5)
(7093800,5)
(1528500,5)
(559500,5)
(4831200,5)
(647200,5)
(2772800,5)
(232300,5)
(4106200,5)
(1238400,5)
(9204200,5)
(3023900,5)
(1376500,5)
(9279400,5)
(1966100,5)
(5967100,5)
(2646800,5)
(262200,5)
(9183400,5)
(7099800,5)
(3410700,5)
(2979300,5)
(8948000,5)
(6877500,5)
(3508900,5)
(9491000,5)
(5526100,5)
(7262700,5)
(8862900,5)
(9795700,5)
(1036000,5)
(382400,5)
(5834300,5)
(2285100,5)
(5397900,5)
(7561200,5)
(162600,5)
(2455400,5)
(5778600,5)
(1813500,5)
(83400,5)
(98200,5)
(532000,5)
(6527900,5)
(7068300,5)
(3225000,5)
(1825400,5)
(4672700,5)
(2174400,5)
(637200,5)
(9136100,5)
(9486100,5)
(1212600,5)
(1768400,5)
(6633400,5)
(9900,5)
(7122500,5)
(5946600,5)
(6616600,5)
(590100,5)
(218700,5)
(1667800,5)
(9791300,5)
(1532900,5)
(111200,5)
(1788400,5)
(4631200,5)
(5473600,5)
(4868000,5)
(1934300,5)
(916400,5)
(9992100,5)
(5735000,5)
(9984100,5)
(6891900,5)
(4796800,5)
(5762700,5)
(6748400,5)
(5476300,5)
(741800,5)
(1349400,5)
(1528300,5)
(2719700,5)
(1225400,5)
(300400,5)
(4268700,5)
(1470400,5)
(3456000,5)
(6892100,5)
(6870600,5)
(4388300,5)
(4842600,5)
(8941500,5)
(531900,5)
(3446200,5)
(995500,5)
(2672100,5)
(4712700,5)
(1030500,5)
(6820900,5)
(3276500,5)
(5800900,5)
(1768800,5)
(8818800,5)
(517600,5)
(3327000,5)
(1789600,5)
(1554100,5)
(9887400,5)
(921500,5)
(2471300,5)
(6736400,5)
(6638000,5)
(2087800,5)
(243300,5)
(2488200,5)
(2223000,5)
(932000,5)
(569200,5)
(4870500,5)
(3315500,5)
(3076600,5)
(7098000,5)
(5735600,5)
(9007400,5)
(2251800,5)
(1213300,5)
(3108100,5)
(6518900,5)
(9188100,5)
(6868200,5)
(2093100,5)
(8683200,5)
(6759500,5)
(9760600,5)
(785300,5)
(855900,5)
(10182200,5)
(1764800,5)
(4440800,5)
(1585300,5)
(1844600,5)
(3071800,5)
(1839900,5)
(3393000,5)
(596600,5)
(9275200,5)
(440800,5)
(10414100,5)
(2620600,5)
(5755400,5)
(2088000,5)
(280600,5)
(684500,5)
(303700,5)
(4796500,5)
(773300,5)
(1897900,5)
(10605600,5)
(3085500,5)
(9177300,5)
(31700,5)
(1613300,5)
(6811800,5)
(2004000,5)
(9637200,5)
(6751500,5)
(5715600,5)
(2327400,5)
(8914400,5)
(9520900,5)
(1774600,5)
(10641800,5)
(3562000,5)
(1024500,5)
(6823200,5)
(4131300,5)
(10465300,5)
(57800,5)
(278500,5)
(10226200,5)
(78400,5)
(6713900,5)
(73800,5)
(9047400,5)
(1900900,5)
(2677100,5)
(2337200,5)
(2714100,5)
(928900,5)
(4410300,5)
(1524300,5)
(678700,5)
(3099000,5)
(5357600,5)
(7493000,5)
(5349400,5)
(4522400,5)
(8988100,5)
(8847900,5)
(2442700,5)
(7575600,5)
(2487700,5)
(1813600,5)
(9904200,5)
(9038200,5)
(4848000,5)
(584700,5)
(3380400,5)
(9161400,5)
(6803500,5)
(1042200,5)
(9169800,5)
(2307400,5)
(6692100,5)
(263400,5)
(4957500,5)
(9093300,5)
(1018700,5)
(696800,5)
(2313200,5)
(4024400,5)
(555700,5)
(4041700,5)
(6706400,5)
(2005900,5)
(2607400,5)
(6756700,5)
(9539400,5)
(7453400,5)
(1896000,5)
(6563100,5)
(1877000,5)
(7495000,5)
(784900,5)
(4278800,5)
(9075500,5)
(4964700,5)
(6599800,5)
(2243600,5)
(7090700,5)
(9028700,5)
(8459900,5)
(8938000,5)
(6631400,5)
(1606100,5)
(703200,5)
(1000800,5)
(7093900,5)
(1439200,5)
(3929200,5)
(5475000,5)
(7445900,5)
(10599600,5)
(6732700,5)
(10212100,5)
(4180700,5)
(9393300,5)
(439100,5)
(1629600,5)
(9448100,5)
(4787500,5)
(5541900,5)
(7126800,5)
(3140700,5)
(9603200,5)
(7264400,5)
(9502500,5)
(1340500,5)
(8939900,5)
(3896100,5)
(7575200,5)
(8916300,5)
(4629200,5)
(4076900,5)
(4080500,5)
(8576500,5)
(1348400,5)
(29100,5)
(9012800,5)
(778300,5)
(10640700,5)
(9089000,5)
(5672700,5)
(3899000,5)
(6915400,5)
(9914600,5)
(6722600,5)
(2472000,5)
(1386000,5)
(6772300,5)
(691500,5)
(1001400,5)
(6885400,5)
(9130200,5)
(8778100,5)
(9143200,5)
(9325100,5)
(922100,5)
(1216600,5)
(116900,5)
(957400,5)
(2378500,5)
(9454900,5)
(5733600,5)
(7449000,5)
(4039300,5)
(4669000,5)
(6779100,5)
(3343200,5)
(3193000,5)
(10461700,5)
(9516400,5)
(3292100,5)
(8290600,5)
(1808700,5)
(3323000,5)
(5058700,5)
(88200,5)
(4628600,5)
(916000,5)
(3154200,5)
(8766100,5)
(8872100,5)
(6914400,5)
(648600,5)
(1980700,5)
(1061800,5)
(3416800,5)
(3036100,5)
(1687700,5)
(2526100,5)
(10372600,5)
(10041400,5)
(4156800,5)
(9083900,5)
(3495700,5)
(6692700,5)
(2820400,5)
(9429600,5)
(1088200,5)
(136700,5)
(6760400,5)
(1053700,5)
(4446200,5)
(4870100,5)
(1795800,5)
(8990000,5)
(2904800,5)
(531400,5)
(3388900,5)
(9271000,5)
(8927200,5)
(1460000,5)
(5854000,5)
(1495600,5)
(1173900,5)
(4573300,5)
(1096700,5)
(4273500,5)
(645100,5)
(5945100,5)
(7118700,5)
(2241500,5)
(3367100,5)
(2661100,5)
(2755900,5)
(6542700,5)
(6636700,5)
(9036700,5)
(224600,5)
(3153600,5)
(1738600,5)
(6886500,5)
(3493200,5)
(12800,5)
(5466500,5)
(1530900,5)
(3377000,5)
(4865200,5)
(717100,5)
(7054400,5)
(3575400,5)
(646500,5)
(5986900,5)
(2697600,5)
(6925900,5)
(6624000,5)
(71600,5)
(2505300,5)
(6612500,5)
(107700,5)
(3357600,5)
(2455500,5)
(205700,5)
(3392900,5)
(10135500,5)
(9574900,5)
(1492200,5)
(1010100,5)
(1954200,5)
(889700,5)
(4126200,5)
(9845900,5)
(6782900,5)
(6739300,5)
(9678200,5)
(2618400,5)
(225700,5)
(6883800,5)
(188700,5)
(2168700,5)
(906800,5)
(4166700,5)
(4457500,5)
(2102300,5)
(4326900,5)
(401100,5)
(9909800,5)
(8964600,5)
(9015700,5)
(7836300,5)
(2511300,5)
(240000,5)
(5482000,5)
(1393300,5)
(591300,5)
(1602700,5)
(81300,5)
(2357700,5)
(5475100,5)
(6764400,5)
(3276000,5)
(8703600,5)
(5741200,5)
(10134200,5)
(640900,5)
(7397800,5)
(2495500,5)
(1229000,5)
(7121600,5)
(5475300,5)
(2639200,5)
(9166400,5)
(8954500,5)
(2838500,5)
(678200,5)
(9113100,5)
(6600800,5)
(5806500,5)
(5473200,5)
(4768100,5)
(635100,5)
(207400,5)
(8303800,5)
(230000,5)
(4940600,5)
(2242000,5)
(1048600,5)
(410700,5)
(218600,5)
(5734600,5)
(9847700,5)
(2814400,5)
(2530600,5)
(5812600,5)
(9747700,5)
(5407000,5)
(9712000,5)
(3511600,5)
(9293700,5)
(1355000,5)
(725900,5)
(3147000,5)
(6728400,5)
(419600,5)
(963900,5)
(1564400,5)
(3647900,5)
(1282200,5)
(1938500,5)
(2339000,5)
(241300,5)
(1701800,5)
(4508900,5)
(4678100,5)
(6262100,5)
(6526200,5)
(3126000,5)
(9088500,5)
(2839400,5)
(3310900,5)
(1044300,5)
(669000,5)
(233400,5)
(2903700,5)
(9834600,5)
(2799900,5)
(7069000,5)
(4274200,5)
(2894900,5)
(4134100,5)
(8253300,5)
(4473200,5)
(3511400,5)
(8783700,5)
(8798900,5)
(1586100,5)
(8902500,5)
(9319500,5)
(9017400,5)
(6073000,5)
(423300,5)
(3069200,5)
(771100,5)
(96900,5)
(4959000,5)
(6905900,5)
(2974900,5)
(1011200,5)
(9698900,5)
(8755500,5)
(2259700,5)
(694000,5)
(391200,5)
(1699700,5)
(2345200,5)
(5951700,5)
(198500,5)
(10068100,5)
(3379500,5)
(5043700,5)
(9366400,5)
(963500,5)
(5350200,5)
(8331500,5)
(8797500,5)
(375900,5)
(5734500,5)
(8475500,5)
(89600,5)
(1591800,5)
(3044900,5)
(2782600,5)
(4278100,5)
(722100,5)
(10288200,5)
(2823600,5)
(1048300,5)
(8842700,5)
(3147700,5)
(1282800,5)
(6576000,5)
(1413900,5)
(155800,5)
(2942200,5)
(7402300,5)
(9330200,5)
(4664100,5)
(4523200,5)
(3461900,5)
(6771000,5)
(4809200,5)
(2599100,5)
(2632300,5)
(4044600,5)
(7227300,5)
(260900,5)
(9713500,5)
(952600,5)
(890800,5)
(7070800,5)
(9011600,5)
(9244900,5)
(404900,5)
(9120300,5)
(223200,5)
(5725700,5)
(9147300,5)
(2281100,5)
(2276200,5)
(351500,5)
(1631700,5)
(7209800,5)
(3573000,5)
(9667200,5)
(2846700,5)
(3171500,5)
(2833300,5)
(3870900,5)
(57000,5)
(4412000,5)
(1356900,5)
(2190700,5)
(9528200,5)
(1819600,5)
(8940800,5)
(4449700,5)
(78300,5)
(9761100,5)
(8987400,5)
(6905500,5)
(9379900,5)
(1096100,5)
(249000,5)
(2208900,5)
(8645700,5)
(7380700,5)
(1747700,5)
(3369300,5)
(8761400,5)
(378700,5)
(1431700,5)
(3129100,5)
(9891600,5)
(721600,5)
(4830500,5)
(110400,5)
(963000,5)
(7110700,5)
(494900,5)
(2612200,5)
(2109500,5)
(5720600,5)
(4680300,5)
(33700,5)
(4186500,5)
(4770600,5)
(1767400,5)
(2493300,5)
(4239500,5)
(1547500,5)
(3576000,5)
(3286000,5)
(2207300,5)
(9514000,5)
(9182900,5)
(1662600,5)
(6324000,5)
(5734400,5)
(8459500,5)
(6790300,5)
(3335600,5)
(5776700,5)
(6791400,5)
(203800,5)
(7676500,5)
(3621700,5)
(1146500,5)
(6886300,5)
(5882200,5)
(2044800,5)
(1168300,5)
(1141100,5)
(5910600,5)
(5479700,5)
(9521500,5)
(8854800,5)
(4860100,5)
(7068900,5)
(7885500,5)
(5887900,5)
(8848300,5)
(1432200,5)
(2361400,5)
(1682500,5)
(169300,5)
(266100,5)
(8300800,5)
(5565500,5)
(9542800,5)
(11000,5)
(914800,5)
(4220600,5)
(9104000,5)
(2334100,5)
(6885900,5)
(1327600,5)
(5485500,5)
(7125500,5)
(1587800,5)
(298200,5)
(7609300,5)
(2665600,5)
(6561800,5)
(6515400,5)
(8837100,5)
(9159400,5)
(4411700,5)
(8915100,5)
(2137400,5)
(9840500,5)
(930900,5)
(497700,5)
(9140300,5)
(1017100,5)
(408500,5)
(7735500,5)
(535900,5)
(4640200,5)
(2208100,5)
(6887800,5)
(9232800,5)
(3901700,5)
(166200,5)
(2679200,5)
(406400,5)
(3245200,5)
(131600,5)
(959400,5)
(1163900,5)
(921800,5)
(6901700,5)
(204600,5)
(14900,5)
(8561300,5)
(4184500,5)
(4456100,5)
(8925500,5)
(3078000,5)
(2067700,5)
(5510900,5)
(5334400,5)
(10035700,5)
(566700,5)
(9480400,5)
(8839600,5)
(4692700,5)
(1867300,5)
(1442900,5)
(6860400,5)
(1314700,5)
(2043900,5)
(153700,5)
(3191600,5)
(7572500,5)
(1833500,5)
(541800,5)
(5979900,5)
(10137600,5)
(1497100,5)
(10719100,5)
(992000,5)
(1454100,5)
(2635700,5)
(3505800,5)
(9016800,5)
(4391900,5)
(1680700,5)
(3487500,5)
(2637400,5)
(8951400,5)
(9797700,5)
(6741000,5)
(1682000,5)
(2877800,5)
(9600300,5)
(3409300,5)
(1589600,5)
(183900,5)
(4889700,5)
(62100,5)
(3469600,5)
(249700,5)
(7227700,5)
(1892700,5)
(6551600,5)
(3438700,5)
(1895800,5)
(4502600,5)
(1444200,5)
(626100,5)
(4212500,5)
(6869300,5)
(6555600,5)
(144100,5)
(1956500,5)
(9097800,5)
(4962800,5)
(1305100,5)
(605300,5)
(7297600,5)
(552700,5)
(1643900,5)
(377000,5)
(1938200,5)
(9985900,5)
(3245900,5)
(5673000,5)
(2462300,5)
(27300,5)
(6766300,5)
(7124900,5)
(1628100,5)
(1017200,5)
(5738700,5)
(5618700,5)
(1677900,5)
(7959500,5)
(131700,5)
(354000,5)
(2087000,5)
(8325000,5)
(93700,5)
(9513200,5)
(1547100,5)
(2715100,5)
(2252800,5)
(4690800,5)
(2771000,5)
(651500,5)
(187100,5)
(3147800,5)
(10263000,5)
(253400,5)
(993800,5)
(745200,5)
(9864100,5)
(2186500,5)
(9135500,5)
(7382700,5)
(1864400,5)
(1517500,5)
(9100600,5)
(88400,5)
(2321300,5)
(9017200,5)
(9295700,5)
(3361600,5)
(2345900,5)
(8825300,5)
(1016900,5)
(2112900,5)
(5472000,5)
(4790800,5)
(1743800,5)
(3050400,5)
(7541300,5)
(5965400,5)
(740100,5)
(1023100,5)
(8271000,5)
(7111000,5)
(6538400,5)
(9880600,5)
(5482800,5)
(1471700,5)
(1307200,5)
(1158600,5)
(8993500,5)
(9116100,5)
(4863100,5)
(8848900,5)
(3049100,5)
(5585100,5)
(1758200,5)
(213300,5)
(4208900,5)
(3313800,5)
(1032300,5)
(4407200,5)
(6790600,5)
(7312200,5)
(7095400,5)
(3510000,5)
(9198800,5)
(1205400,5)
(3004800,5)
(3460400,5)
(9080600,5)
(454600,5)
(2365300,5)
(2622200,5)
(128300,5)
(1219000,5)
(3342600,5)
(3433400,5)
(2061300,5)
(9672700,5)
(8889200,5)
(1576300,5)
(40800,5)
(22300,5)
(3121800,5)
(1385600,5)
(1200200,5)
(526400,5)
(1044400,5)
(9083200,5)
(7035200,5)
(8827400,5)
(2445400,5)
(386300,5)
(9125000,5)
(3270500,5)
(1402600,5)
(1197400,5)
(250000,5)
(2997800,5)
(796700,5)
(1478000,5)
(378900,5)
(4370300,5)
(1809700,5)
(3394300,5)
(9348000,5)
(2893900,5)
(3045400,5)
(1210000,5)
(1546500,5)
(1225600,5)
(2106800,5)
(3387400,5)
(3680100,5)
(2250100,5)
(3592600,5)
(748600,5)
(1565300,5)
(6772500,5)
(3378200,5)
(4693400,5)
(1939000,5)
(1633000,5)
(1330400,5)
(2097200,5)
(5721300,5)
(163900,5)
(9062400,5)
(8263000,5)
(5336900,5)
(4865800,5)
(8945000,5)
(8786000,5)
(8926900,5)
(592700,5)
(3122200,5)
(6560200,5)
(108400,5)
(438200,5)
(3098700,5)
(2316500,5)
(3481400,5)
(5921500,5)
(1574500,5)
(8916400,5)
(6628100,5)
(1361100,5)
(1224900,5)
(1307900,5)
(9121100,5)
(9829000,5)
(9381900,5)
(10340800,5)
(227000,5)
(1943600,5)
(9230500,5)
(94200,5)
(1419500,5)
(519100,5)
(10216000,5)
(3016700,5)
(7814600,5)
(6721300,5)
(1446100,5)
(9377800,5)
(9471600,5)
(3240400,5)
(9143500,5)
(2886000,5)
(6714800,5)
(4219900,5)
(2439400,5)
(1006200,5)
(9104200,5)
(228800,5)
(2510500,5)
(2532500,5)
(2385700,5)
(10413700,5)
(6859700,5)
(9288700,5)
(726500,5)
(9025000,5)
(3564600,5)
(779000,5)
(6899900,5)
(1784800,5)
(3578000,5)
(1678900,5)
(1262300,5)
(216200,5)
(8248200,5)
(4182900,5)
(9678700,5)
(4328800,5)
(6545600,5)
(8556700,5)
(9303800,5)
(2810800,5)
(408200,5)
(899000,5)
(1469300,5)
(2677300,5)
(3034400,5)
(4661000,5)
(1683100,5)
(562100,5)
(3278900,5)
(5617900,5)
(4626900,5)
(1624700,5)
(4534600,5)
(5234700,5)
(4705400,5)
(9096800,5)
(1908800,5)
(10106400,5)
(8956100,5)
(9598000,5)
(8978200,5)
(9400800,5)
(9024100,5)
(1139500,5)
(2521600,5)
(4943900,5)
(1026300,5)
(1189900,5)
(1090500,5)
(7821100,5)
(6712900,5)
(2487400,5)
(1332200,5)
(1070100,5)
(8868600,5)
(766100,5)
(3898400,5)
(225100,5)
(9150700,5)
(6554200,5)
(6621700,5)
(7173600,5)
(9559000,5)
(4533900,5)
(7142600,5)
(3213700,5)
(1287000,5)
(6589500,5)
(3096000,5)
(4529600,5)
(4215700,5)
(8953000,5)
(1433600,5)
(3687200,5)
(3434100,5)
(4624700,5)
(1714800,5)
(1022100,5)
(1165800,5)
(6771100,5)
(9392100,5)
(6708100,5)
(6620500,5)
(5799100,5)
(6823300,5)
(1523100,5)
(1028100,5)
(8411000,5)
(1284600,5)
(6643300,5)
(2184600,5)
(7092400,5)
(8888800,5)
(733900,5)
(2365600,5)
(1645500,5)
(636200,5)
(462500,5)
(9276900,5)
(1335300,5)
(2256200,5)
(2105900,5)
(9146300,5)
(405500,5)
(3886000,5)
(10275300,5)
(1415400,5)
(8843900,5)
(4025700,5)
(5911700,5)
(285500,5)
(4063300,5)
(2883100,5)
(2905900,5)
(567900,5)
(593000,5)
(3268000,5)
(249400,5)
(4534000,5)
(657600,5)
(10071400,5)
(1786600,5)
(136200,5)
(5738100,5)
(8990600,5)
(1510800,5)
(9036300,5)
(2069900,5)
(2133100,5)
(1908300,5)
(525900,5)
(9389900,5)
(989500,5)
(8953900,5)
(2280400,5)
(1698300,5)
(8777200,5)
(1071700,5)
(11013400,5)
(6244300,5)
(4670600,5)
(979200,5)
(1662500,5)
(1171100,5)
(8912500,5)
(4397100,5)
(3224000,5)
(9188700,5)
(1223500,5)
(1587400,5)
(522800,5)
(10717900,5)
(1023800,5)
(8769100,5)
(6541200,5)
(1236000,5)
(9194500,5)
(7043800,5)
(5386700,5)
(1731000,5)
(6728700,5)
(2040600,5)
(5468800,5)
(9182000,5)
(2519600,5)
(5476600,5)
(3435500,5)
(5740800,5)
(9442300,5)
(3308700,5)
(457700,5)
(3334900,5)
(1304400,5)
(2142600,5)
(9473300,5)
(3271800,5)
(4820800,5)
(5420900,5)
(1116200,5)
(2378000,5)
(9018300,5)
(9006900,5)
(4977700,5)
(8947900,5)
(2523000,5)
(10052800,5)
(8894100,5)
(3474000,5)
(3455500,5)
(5508200,5)
(4014100,5)
(35300,5)
(6537100,5)
(4892500,5)
(6913300,5)
(5370300,5)
(8763300,5)
(6786000,5)
(2342900,5)
(3367300,5)
(482600,5)
(6602200,5)
(3065000,5)
(432300,5)
(9015100,5)
(4799900,5)
(1199400,5)
(523000,5)
(421100,5)
(1686600,5)
(8968400,5)
(1870000,5)
(8805900,5)
(2086800,5)
(8749600,5)
(4953800,5)
(9188600,5)
(8875800,5)
(9487300,5)
(9185500,5)
(1184700,5)
(1659600,5)
(5703200,5)
(4524400,5)
(2360600,5)
(3155200,5)
(3380800,5)
(9464200,5)
(4054900,5)
(2171700,5)
(2064900,5)
(1384500,5)
(720600,5)
(38700,5)
(9035300,5)
(334000,5)
(780600,5)
(1581500,5)
(2803100,5)
(2420800,5)
(1392800,5)
(9263600,5)
(2319500,5)
(955300,5)
(2468000,5)
(9174500,5)
(212800,5)
(10577500,5)
(9191200,5)
(1456700,5)
(10065100,5)
(6742600,5)
(915400,5)
(10181300,5)
(9390900,5)
(6697700,5)
(4188100,5)
(1686500,5)
(1096000,5)
(3176100,5)
(1300700,5)
(1283200,5)
(9536700,5)
(1482500,5)
(206300,5)
(5062400,5)
(1963500,5)
(2791800,5)
(5901000,5)
(3330400,5)
(8853400,5)
(1386100,5)
(9031700,5)
(9247800,5)
(3299200,5)
(9502900,5)
(7291400,5)
(928400,5)
(4042900,5)
(9039500,5)
(4490300,5)
(4242200,5)
(6504300,5)
(2781900,5)
(1919200,5)
(1185000,5)
(1517200,5)
(957300,5)
(9013600,5)
(682200,5)
(410100,5)
(792900,5)
(4972300,5)
(1126400,5)
(7112800,5)
(9120900,5)
(421500,5)
(2439700,5)
(6940100,5)
(5946800,5)
(3325500,5)
(495500,5)
(3496500,5)
(7572700,5)
(375800,5)
(2486700,5)
(6531300,5)
(2150900,5)
(3411100,5)
(157800,5)
(1482000,5)
(9152500,5)
(246200,5)
(1656900,5)
(1298900,5)
(1094900,5)
(59900,5)
(3354700,5)
(3227900,5)
(1613400,5)
(1965300,5)
(5708700,5)
(2487200,5)
(8771800,5)
(343100,5)
(7394400,5)
(9435200,5)
(233100,5)
(8851800,5)
(1683500,5)
(6887200,5)
(4262700,5)
(9170600,5)
(3007700,5)
(6859900,5)
(146600,5)
(7068400,5)
(4699600,5)
(8866800,5)
(3911700,5)
(938300,5)
(2427100,5)
(1294100,5)
(1775500,5)
(396800,5)
(5472800,5)
(8947200,5)
(6571700,5)
(2819000,5)
(3176700,5)
(6894300,5)
(1755800,5)
(10091000,5)
(2860400,5)
(8620100,5)
(2187300,5)
(177500,5)
(10116700,5)
(2078300,5)
(5507800,5)
(9152000,5)
(9103900,5)
(90200,5)
(9231300,5)
(9242400,5)
(2536900,5)
(197400,5)
(3000400,5)
(3028800,5)
(7035400,5)
(7550400,5)
(6607900,5)
(3328900,5)
(1887200,5)
(2688100,5)
(1368100,5)
(3279100,5)
(5707900,5)
(5724300,5)
(6709900,5)
(6693300,5)
(7386300,5)
(228900,5)
(3295900,5)
(2306100,5)
(9017800,5)
(2266000,5)
(9383900,5)
(9413300,5)
(5946200,5)
(5543300,5)
(3362100,5)
(791600,5)
(6752300,5)
(2520100,5)
(107800,5)
(6522800,5)
(6565400,5)
(6759400,5)
(6737800,5)
(1205600,5)
(7048200,5)
(86100,5)
(6548100,5)
(9589100,5)
(9118000,5)
(8615900,5)
(711600,5)
(4008400,5)
(7640000,5)
(1048400,5)
(1483100,5)
(6621200,5)
(10641100,5)
(5915900,5)
(2811200,5)
(3333800,5)
(8386100,5)
(1898700,5)
(2315200,5)
(4683200,5)
(6504400,5)
(8912700,5)
(4174300,5)
(1536900,5)
(127600,5)
(9188000,5)
(7213400,5)
(6793300,5)
(1669000,5)
(4024600,5)
(6901000,5)
(2619100,5)
(1635900,5)
(1717400,5)
(1056200,5)
(2710200,5)
(4832700,5)
(2049500,5)
(1224300,5)
(676200,5)
(6586700,5)
(8828000,5)
(9008500,5)
(727400,5)
(7943300,5)
(8791700,5)
(2908000,5)
(9013900,5)
(2381500,5)
(1039200,5)
(7693900,5)
(9307400,5)
(613900,5)
(9162400,5)
(2786400,5)
(9505400,5)
(1201200,5)
(286300,5)
(5713100,5)
(7642900,5)
(4105900,5)
(631200,5)
(9501000,5)
(9022200,5)
(1365200,5)
(994300,5)
(579600,5)
(238000,5)
(3987900,5)
(9987100,5)
(436400,5)
(9914900,5)
(1002000,5)
(2475700,5)
(9809100,5)
(6885500,5)
(9801600,5)
(9214600,5)
(7877600,5)
(78600,5)
