(638300,20)
(8946500,20)
(2842200,20)
(1179400,20)
(1195900,20)
(1532000,20)
(269800,20)
(4512900,20)
(7325600,20)
(2884000,20)
(1944200,20)
(1545200,20)
(219700,20)
(216300,20)
(4229600,20)
(1573000,20)
(655700,20)
(6692800,20)
(611700,20)
(8839000,20)
(1155500,20)
(1381900,20)
(8591600,20)
(3281200,20)
(1657100,20)
(4151000,20)
(4630000,20)
(1288400,20)
(1738500,20)
(651900,20)
(3116100,20)
(6768800,20)
(1530400,20)
(1545700,20)
(1347500,20)
(67300,20)
(8707300,20)
(904300,20)
(1769400,20)
(6931000,20)
(2208800,20)
(2511600,20)
(136100,20)
(3482800,20)
(422700,20)
(2769100,20)
(2940200,20)
(676800,20)
(8785100,20)
(998400,20)
(440600,20)
(4625800,20)
(2879100,20)
(1740100,20)
(1956900,20)
(1166700,20)
(261800,20)
(8913800,20)
(8913300,20)
(3389900,20)
(1438400,20)
(195600,20)
(5542100,20)
(64900,20)
(1232500,20)
(6619700,20)
(1492400,20)
(4804400,20)
(5737500,20)
(746800,20)
(2168500,20)
(400200,20)
(1314600,20)
(3384200,20)
(9170800,20)
(1164600,20)
(4193300,20)
(2955000,20)
(9090200,20)
(6529700,20)
(2260000,20)
(4536300,20)
(5770700,20)
(8788100,20)
(5970100,20)
(2672800,20)
(6686800,20)
(1506200,20)
(1543100,20)
(1161700,20)
(2456200,20)
(1501000,20)
(8934400,20)
(300600,20)
(3473600,20)
(8797900,20)
(1006100,20)
(3572900,20)
(4413100,20)
(2973000,20)
(1349300,20)
(10133500,20)
(908000,20)
(260100,20)
(1178700,20)
(5891900,20)
(4280600,20)
(406100,20)
(78000,20)
(2095700,20)
(1055600,20)
(3281500,20)
(5392100,20)
(3061900,20)
(1938900,20)
(3484800,20)
(8769900,20)
(547400,20)
(5676800,20)
(1589700,20)
(3590900,20)
(5478500,20)
(3306100,20)
(3055600,20)
(5943500,20)
(379900,20)
(3970000,20)
(8895700,20)
(8822800,20)
(672800,20)
(733700,20)
(1506300,20)
(4818300,20)
(1588700,20)
(1509400,20)
(4665300,20)
(3395400,20)
(9026100,20)
(5417800,20)
(5588700,20)
(265300,20)
(923100,20)
(934900,20)
(8774000,20)
(1291700,20)
(1919800,20)
(3308300,20)
(700,20)
(395900,20)
(4195300,20)
(3279600,20)
(149400,20)
(9075100,20)
(3583200,20)
(7205600,20)
(4230300,20)
(4582300,20)
(492700,20)
(391500,20)
(2765100,20)
(5038100,20)
(1873800,20)
(1008800,20)
(1332300,20)
(4704900,20)
(6695700,20)
(2116700,20)
(1505400,20)
(2766500,20)
(54600,20)
(998100,20)
(448700,20)
(4136900,21)
(3356700,21)
(150600,21)
(29800,21)
(6522700,21)
(9102000,21)
(4184800,21)
(5808600,21)
(4024800,21)
(999800,21)
(1978300,21)
(404200,21)
(1732500,21)
(2090800,21)
(4475800,21)
(1848000,21)
(1313200,21)
(5724500,21)
(4697000,21)
(2136600,21)
(730100,21)
(1802600,21)
(2052100,21)
(8806500,21)
(4302300,21)
(6751900,21)
(3062100,21)
(1512500,21)
(400800,21)
(1583600,21)
(2041500,21)
(8798100,21)
(1700400,21)
(7119900,21)
(4522200,21)
(1111200,21)
(8768800,21)
(1970500,21)
(3320500,21)
(6794100,21)
(8816000,21)
(6526500,21)
(3900900,21)
(953700,21)
(725500,21)
(5808100,21)
(2119000,21)
(1822600,21)
(558700,21)
(1496900,21)
(297900,21)
(6585700,21)
(1483200,21)
(409700,21)
(7209700,21)
(3368300,21)
(5715400,21)
(993400,21)
(229600,21)
(25000,21)
(1664800,21)
(4923300,21)
(8400000,21)
(4187100,21)
(167300,21)
(8779200,21)
(498800,21)
(4404300,21)
(8871800,21)
(8824800,21)
(929900,21)
(4075400,21)
(2292100,21)
(2903100,21)
(3755700,21)
(2053000,21)
(4998100,21)
(1498300,21)
(5473700,21)
(219900,21)
(2684200,21)
(1206900,21)
(1501100,21)
(2457000,21)
(1164000,21)
(3309300,21)
(83800,21)
(2998000,21)
(1977500,21)
(4392200,21)
(8832600,21)
(3127300,21)
(8773900,21)
(935900,21)
(2884700,21)
(1501900,21)
(4225300,21)
(263700,21)
(3008100,21)
(2059700,21)
(2334900,21)
(4409100,21)
(3283000,21)
(1500700,21)
(735900,21)
(8964300,21)
(2373300,21)
(2261800,21)
(7253300,21)
(1502100,21)
(654300,21)
(8974100,21)
(3622800,21)
(47200,21)
(1287100,21)
(260000,21)
(921400,21)
(1166900,21)
(5814000,21)
(1352700,21)
(241200,21)
(3348000,21)
(1070600,21)
(429400,21)
(1688300,21)
(4136800,21)
(252700,21)
(1306500,22)
(1473000,22)
(607000,22)
(5735500,22)
(120800,22)
(1533700,22)
(4417700,22)
(844600,22)
(904200,22)
(564300,22)
(8772300,22)
(1001100,22)
(3595600,22)
(6534500,22)
(90300,22)
(563800,22)
(1603500,22)
(1909700,22)
(1827700,22)
(4882000,22)
(3255700,22)
(1631600,22)
(3991400,22)
(1213000,22)
(8781500,22)
(4192500,22)
(1279800,22)
(9215100,22)
(45300,22)
(6794200,22)
(524300,22)
(8893000,22)
(1531900,22)
(1692200,22)
(4441700,22)
(3024200,22)
(3143600,22)
(5748200,22)
(4026300,22)
(7503300,22)
(3278400,22)
(4230700,22)
(3883400,22)
(2052400,22)
(4626300,22)
(1415500,22)
(1768000,22)
(2898000,22)
(1513100,22)
(1488600,22)
(8836700,22)
(8819300,22)
(668800,22)
(5035700,22)
(221600,22)
(3910200,22)
(5408100,22)
(3283200,22)
(2005700,22)
(6599200,22)
(4500,22)
(627600,22)
(1518800,22)
(928300,22)
(6254200,22)
(239900,22)
(3385100,22)
(2808100,22)
(525100,22)
(8795200,22)
(126900,22)
(2163500,22)
(4960800,22)
(42500,22)
(6626300,22)
(9043500,22)
(3359800,22)
(119800,22)
(27400,22)
(139400,22)
(1553400,22)
(2418000,22)
(1829900,22)
(3008500,22)
(2045200,22)
(9412900,22)
(954500,22)
(1313300,22)
(655500,22)
(3480600,22)
(4626600,22)
(1446600,22)
(3433800,22)
(1383100,22)
(1920900,22)
(853300,22)
(4626200,22)
(3245500,22)
(1057200,22)
(1381700,22)
(109200,22)
(2052200,22)
(7421900,22)
(1232400,22)
(563900,22)
(3500600,22)
(4185900,22)
(1571700,22)
(3557800,22)
(557900,22)
(3296400,22)
(9890200,22)
(569100,22)
(388700,22)
(1703500,22)
(302300,22)
(6694400,22)
(3996500,22)
(735500,22)
(3295200,22)
(1195100,22)
(61100,22)
(103300,22)
(549300,22)
(1845900,22)
(676400,23)
(2395100,23)
(2958900,23)
(1455700,23)
(1095400,23)
(1429400,23)
(2285000,23)
(998300,23)
(593300,23)
(3611300,23)
(6236800,23)
(8850400,23)
(4233500,23)
(188200,23)
(4414500,23)
(8816400,23)
(9410800,23)
(8972700,23)
(2400000,23)
(6708200,23)
(1110300,23)
(618800,23)
(4458800,23)
(1231700,23)
(3009600,23)
(4192900,23)
(417100,23)
(2277900,23)
(5472900,23)
(2108600,23)
(674700,23)
(1292400,23)
(5804400,23)
(8870400,23)
(3507700,23)
(2315500,23)
(411200,23)
(3264100,23)
(2806300,23)
(1914400,23)
(206700,23)
(1017300,23)
(233000,23)
(289500,23)
(8837400,23)
(6291400,23)
(2354700,23)
(4719000,23)
(436800,23)
(1529400,23)
(521100,23)
(4230000,23)
(5829200,23)
(654600,23)
(4515800,23)
(3121900,23)
(3377100,23)
(3485300,23)
(1182200,23)
(58300,23)
(1202500,23)
(2624100,23)
(1512700,23)
(5554900,23)
(569700,23)
(6771600,23)
(1200500,23)
(2884100,23)
(3386100,23)
(3204100,23)
(15100,23)
(5366400,23)
(63000,23)
(8816200,23)
(468500,23)
(1628800,23)
(1211500,23)
(2883400,23)
(6613600,23)
(2647900,23)
(1559500,23)
(3322600,23)
(98100,23)
(2871700,23)
(72300,23)
(895400,23)
(2450400,23)
(9230300,23)
(5537300,23)
(4585300,23)
(1262800,23)
(1094800,23)
(4043600,23)
(7085900,23)
(947200,23)
(35500,23)
(1292100,23)
(3097900,23)
(3384100,23)
(4411800,23)
(1345200,23)
(2808200,23)
(2084500,23)
(6604200,23)
(212400,23)
(534500,23)
(2465800,23)
(8996100,23)
(1313900,23)
(1230400,23)
(5333000,23)
(5045000,23)
(3008700,23)
(5478900,23)
(268600,24)
(1489800,24)
(4503500,24)
(248900,24)
(605900,24)
(441300,24)
(81600,24)
(2435700,24)
(2517200,24)
(6587400,24)
(1323200,24)
(114100,24)
(4402500,24)
(626300,24)
(4977100,24)
(4193200,24)
(1640500,24)
(131000,24)
(1854500,24)
(1445600,24)
(2918000,24)
(1742100,24)
(4498400,24)
(4220800,24)
(3388600,24)
(6539300,24)
(1168900,24)
(4009300,24)
(3592500,24)
(452000,24)
(1490500,24)
(1226800,24)
(1665500,24)
(1839700,24)
(1957000,24)
(225500,24)
(2320700,24)
(29200,24)
(6936000,24)
(56900,24)
(6604800,24)
(4576000,24)
(4188900,24)
(1568500,24)
(97800,24)
(8777800,24)
(6749200,24)
(1638400,24)
(3296200,24)
(8905800,24)
(7042200,24)
(125000,24)
(1419900,24)
(666200,24)
(201000,24)
(2872200,24)
(6825700,24)
(6563000,24)
(274300,24)
(1854400,24)
(1329000,24)
(3065700,24)
(1051600,24)
(1441300,24)
(7323400,24)
(3384900,24)
(846300,24)
(6561400,24)
(4416800,24)
(653000,24)
(3453000,24)
(7142800,24)
(1835500,24)
(990700,24)
(8881400,24)
(1190500,24)
(1449600,24)
(1825100,24)
(264200,24)
(1567100,24)
(1780000,24)
(6523900,24)
(8770700,24)
(6586100,24)
(2174600,24)
(1904100,24)
(4120100,24)
(4909600,24)
(2024900,24)
(7700,24)
(5983200,24)
(1186600,24)
(235600,24)
(4960900,24)
(3279500,24)
(2662300,24)
(2934800,24)
(1293400,24)
(6936100,24)
(1642000,24)
(1544100,24)
(5474600,24)
(1483700,24)
(5782900,24)
(291600,24)
(524000,24)
(6635300,24)
(1283100,24)
(8781300,24)
(455700,24)
(384500,24)
(1358200,24)
(564400,24)
(8839100,24)
(89300,24)
(1624000,24)
(1229100,24)
(4979900,24)
(3104600,24)
(8913000,24)
(1390900,25)
(5334600,25)
(4946200,25)
(551000,25)
(8765500,25)
(1018400,25)
(668900,25)
(2871400,25)
(8860200,25)
(1182800,25)
(4900900,25)
(3341900,25)
(4561400,25)
(2066400,25)
(673100,25)
(4410100,25)
(1645300,25)
(23300,25)
(681800,25)
(153300,25)
(258100,25)
(259200,25)
(4328600,25)
(3667100,25)
(2763900,25)
(5738400,25)
(1909200,25)
(404100,25)
(102700,25)
(4528800,25)
(3015500,25)
(4189900,25)
(11700,25)
(228300,25)
(571900,25)
(565200,25)
(4231300,25)
(1858800,25)
(132000,25)
(8844000,25)
(1455800,25)
(1852300,25)
(3433300,25)
(4626700,25)
(636000,25)
(4822200,25)
(3367900,25)
(293400,25)
(2692000,25)
(121100,25)
(908400,25)
(6527100,25)
(1003400,25)
(2362200,25)
(8248300,25)
(6729700,25)
(1798800,25)
(60800,25)
(125800,25)
(1606600,25)
(1510700,25)
(215400,25)
(282700,25)
(2907600,25)
(1656400,25)
(2318500,25)
(1193700,25)
(124700,25)
(2882800,25)
(3011100,25)
(4189100,25)
(3576400,25)
(1859600,25)
(485500,25)
(628200,25)
(1332100,25)
(6100,25)
(747400,25)
(374900,25)
(1722700,25)
(1630800,25)
(267100,25)
(8830100,25)
(2515900,25)
(4525000,25)
(6743700,25)
(4232500,25)
(8986300,25)
(4190300,25)
(5712500,25)
(7414300,25)
(34100,25)
(6556500,25)
(1126900,25)
(1878700,25)
(92600,25)
(1208700,25)
(1876500,25)
(1368300,25)
(1516500,25)
(1514300,25)
(1541200,25)
(991100,25)
(6689400,25)
(1017400,25)
(8821700,25)
(8901300,25)
(1541600,25)
(8798400,25)
(4166800,25)
(5000,26)
(5730900,26)
(8910600,26)
(952400,26)
(449300,26)
(656600,26)
(651700,26)
(1281300,26)
(8805500,26)
(1706100,26)
(8942500,26)
(3344400,26)
(3282300,26)
(1336300,26)
(2109300,26)
(8873800,26)
(3062400,26)
(4253200,26)
(2177100,26)
(4664600,26)
(6590900,26)
(1334500,26)
(2522400,26)
(1767300,26)
(6691800,26)
(61900,26)
(8443700,26)
(3009900,26)
(1315300,26)
(6560300,26)
(4173600,26)
(3387900,26)
(2535200,26)
(227300,26)
(8867600,26)
(1209500,26)
(1502800,26)
(2262900,26)
(2152800,26)
(85500,26)
(1333300,26)
(4696500,26)
(1514700,26)
(3621400,26)
(2773700,26)
(1140600,26)
(52500,26)
(2836800,26)
(3478500,26)
(674200,26)
(226800,26)
(1027200,26)
(2279100,26)
(3085300,26)
(1441700,26)
(4220900,26)
(9023000,26)
(5417900,26)
(1192500,26)
(3123400,26)
(537500,26)
(8822900,26)
(6646300,26)
(645000,26)
(493000,26)
(898100,26)
(133600,26)
(741400,26)
(1501800,26)
(2746000,26)
(526000,26)
(1871300,26)
(1301300,26)
(2008400,26)
(2288900,26)
(1736800,26)
(653200,26)
(1087000,26)
(2094700,26)
(1955600,26)
(2109400,26)
(200900,26)
(1387100,26)
(190400,26)
(482000,26)
(243000,26)
(1666800,26)
(4197200,26)
(3037400,26)
(868600,26)
(222100,26)
(1545800,26)
(1485800,26)
(499600,26)
(2620400,26)
(3935500,26)
(1052100,26)
(122500,27)
(3370700,27)
(75900,27)
(3332900,27)
(3469400,27)
(3493800,27)
(4804800,27)
(8887000,27)
(6535000,27)
(734000,27)
(656000,27)
(6837900,27)
(4416300,27)
(2888700,27)
(10600,27)
(2649500,27)
(853200,27)
(3500000,27)
(1977600,27)
(2518400,27)
(408400,27)
(6614800,27)
(2251600,27)
(666800,27)
(1503700,27)
(3353600,27)
(6631800,27)
(650500,27)
(1227300,27)
(135800,27)
(1045800,27)
(2152600,27)
(3504600,27)
(641700,27)
(69000,27)
(98400,27)
(4627300,27)
(8809500,27)
(865400,27)
(281100,27)
(8869600,27)
(3383400,27)
(1640300,27)
(2477200,27)
(8889800,27)
(68600,27)
(8329900,27)
(817300,27)
(1220500,27)
(3454200,27)
(682300,27)
(10623800,27)
(5632200,27)
(1284900,27)
(8897500,27)
(238300,27)
(36300,27)
(7214300,27)
(2975800,27)
(1036100,27)
(523800,27)
(652700,27)
(2055200,27)
(1629700,27)
(1976300,27)
(419800,27)
(3434700,27)
(3392100,27)
(880900,27)
(6615100,27)
(674000,27)
(25800,27)
(579700,27)
(4690900,27)
(1051100,27)
(1723400,27)
(1094100,27)
(3430000,27)
(260700,27)
(20600,27)
(6602500,27)
(1214200,27)
(2340400,27)
(8929300,27)
(951400,27)
(1767200,27)
(4683400,27)
(4194800,27)
(4222300,27)
(437300,27)
(843500,27)
(2496500,27)
(1292500,27)
(3129200,27)
(4626800,28)
(3359500,28)
(2324000,28)
(286600,28)
(243900,28)
(119500,28)
(2378700,28)
(1516700,28)
(8862700,28)
(5777500,28)
(8537300,28)
(1214100,28)
(786800,28)
(1112600,28)
(1849000,28)
(2526500,28)
(6861700,28)
(2871600,28)
(1420300,28)
(4458900,28)
(487400,28)
(1947500,28)
(4828600,28)
(3322100,28)
(8802600,28)
(5352000,28)
(528300,28)
(12500,28)
(1208500,28)
(7038300,28)
(1537800,28)
(3407100,28)
(159900,28)
(44000,28)
(3003500,28)
(1573400,28)
(296500,28)
(302200,28)
(3977700,28)
(264600,28)
(8843100,28)
(4505600,28)
(8833800,28)
(1507000,28)
(1181300,28)
(6096300,28)
(4284300,28)
(1982300,28)
(1369100,28)
(4193100,28)
(1950100,28)
(5020400,28)
(565600,28)
(1764000,28)
(1348300,28)
(8803800,28)
(2594400,28)
(5477800,28)
(1499300,28)
(983900,28)
(1380400,28)
(9014500,28)
(1658700,28)
(843200,28)
(937500,28)
(2806200,28)
(61000,28)
(1625100,28)
(2885800,28)
(2494100,28)
(2445200,28)
(6524400,28)
(1431400,28)
(1368500,28)
(8893100,28)
(992300,28)
(627700,28)
(296900,28)
(564200,28)
(8200,28)
(8937000,28)
(3491800,28)
(3578300,28)
(5054100,28)
(1532800,28)
(2250700,28)
(6614100,28)
(5330400,28)
(6584000,28)
(4370400,28)
(294200,28)
(179400,28)
(3051800,28)
(695800,28)
(3201300,29)
(8791600,29)
(1064300,29)
(8813400,29)
(985700,29)
(8798200,29)
(697500,29)
(6625700,29)
(8809300,29)
(1162900,29)
(9272000,29)
(242800,29)
(3389200,29)
(2960100,29)
(5906900,29)
(637800,29)
(6525800,29)
(4363700,29)
(635700,29)
(1228600,29)
(8843000,29)
(1169900,29)
(8986800,29)
(2959800,29)
(222800,29)
(2289500,29)
(1873700,29)
(250700,29)
(77300,29)
(388000,29)
(3699900,29)
(513300,29)
(2592200,29)
(3649100,29)
(3232400,29)
(2088100,29)
(3884800,29)
(4227400,29)
(283100,29)
(182000,29)
(681600,29)
(3248900,29)
(1045700,29)
(1387500,29)
(481300,29)
(187200,29)
(629300,29)
(446100,29)
(1847900,29)
(2007100,29)
(3062200,29)
(3391100,29)
(2072500,29)
(1147900,29)
(1160800,29)
(1040400,29)
(6602400,29)
(4403800,29)
(3480100,29)
(178800,29)
(1822200,29)
(1145600,29)
(3300600,29)
(4984400,29)
(81500,29)
(667400,29)
(562300,29)
(1148700,29)
(382800,29)
(4692000,29)
(1013200,29)
(648100,29)
(1186500,29)
(1096500,29)
(1308600,29)
(29700,29)
(735100,29)
(1852100,29)
(6821200,29)
(783400,29)
(1778100,29)
(5972700,29)
(1664900,29)
(1500000,29)
(8775200,29)
(2522500,29)
(3990500,29)
(1688600,29)
(4169000,29)
(933200,29)
(420700,29)
(1972600,29)
(997200,29)
(1500400,29)
(1829000,29)
(4383100,29)
(3481000,29)
(8796600,30)
(548000,30)
(1591100,30)
(8873700,30)
(1421100,30)
(936000,30)
(4196400,30)
(2509600,30)
(5517500,30)
(1987400,30)
(106200,30)
(3474300,30)
(1177400,30)
(265700,30)
(1200000,30)
(13900,30)
(5616100,30)
(8828800,30)
(3098100,30)
(2685400,30)
(429500,30)
(4719300,30)
(2904500,30)
(8855100,30)
(8896500,30)
(1532700,30)
(2689100,30)
(4405000,30)
(8864200,30)
(8805700,30)
(7213900,30)
(1456800,30)
(218100,30)
(550700,30)
(1867600,30)
(5336000,30)
(1705000,30)
(2081500,30)
(5593800,30)
(1433200,30)
(8777600,30)
(1314900,30)
(1414700,30)
(2109100,30)
(1164300,30)
(4323100,30)
(1313500,30)
(1172300,30)
(3366900,30)
(6631200,30)
(1505600,30)
(3719900,30)
(732300,30)
(8500,30)
(1007300,30)
(1223800,30)
(59200,30)
(1073600,30)
(2621800,30)
(5803000,30)
(3392200,30)
(5891400,30)
(4230900,30)
(6694000,30)
(4627500,30)
(1311000,30)
(8786900,30)
(4120700,30)
(2658000,30)
(7490000,30)
(673900,30)
(3360100,30)
(8807400,30)
(1343900,30)
(663700,30)
(1947800,30)
(4503200,30)
(154100,30)
(154600,30)
(937200,30)
(674900,30)
(955700,31)
(4415500,31)
(3086000,31)
(3487100,31)
(2766600,31)
(3384500,31)
(999700,31)
(9085400,31)
(407800,31)
(8820100,31)
(2236500,31)
(134600,31)
(5458000,31)
(9067500,31)
(2766400,31)
(3351600,31)
(2330800,31)
(1843700,31)
(6578000,31)
(726700,31)
(2059800,31)
(3382100,31)
(617900,31)
(3594900,31)
(1031300,31)
(1503600,31)
(8984200,31)
(8962700,31)
(4123600,31)
(1781200,31)
(242700,31)
(1740500,31)
(387100,31)
(1297800,31)
(4412400,31)
(8881900,31)
(5009200,31)
(435600,31)
(3381200,31)
(450000,31)
(8790700,31)
(3558900,31)
(3384700,31)
(3351800,31)
(4675200,31)
(3201800,31)
(2475600,31)
(1164500,31)
(572300,31)
(8785000,31)
(8769000,31)
(65000,31)
(3253000,31)
(1206600,31)
(1587900,31)
(235400,32)
(4628200,32)
(950900,32)
(979000,32)
(619500,32)
(2076100,32)
(1451200,32)
(3802000,32)
(838700,32)
(64500,32)
(1091900,32)
(1900000,32)
(1062600,32)
(2041700,32)
(1848100,32)
(4160100,32)
(58900,32)
(83300,32)
(726000,32)
(9008400,32)
(546100,32)
(1848900,32)
(1984600,32)
(5478800,32)
(1957100,32)
(4133200,32)
(1643800,32)
(5479400,32)
(289800,32)
(3353100,32)
(1675600,32)
(5833900,32)
(2101500,32)
(3036500,32)
(130900,32)
(4195500,32)
(141500,32)
(603500,32)
(2768900,32)
(3062500,32)
(6628900,32)
(216500,32)
(1844500,32)
(401900,32)
(500,32)
(8808800,32)
(422800,32)
(3505900,32)
(1856200,32)
(4189200,32)
(1649700,32)
(3033000,32)
(1066100,32)
(1859200,32)
(1497200,32)
(830700,32)
(310800,32)
(217000,32)
(9012700,32)
(620000,32)
(435500,32)
(2397400,32)
(2342000,32)
(4740900,32)
(1488700,32)
(221900,32)
