(10062700,4)
(1869300,4)
(1302900,4)
(638100,4)
(2085100,4)
(2432300,4)
(9069300,4)
(1158400,4)
(6766700,4)
(517100,4)
(2464100,4)
(1184000,4)
(4156100,4)
(6780500,4)
(8539700,4)
(2978400,4)
(977800,4)
(497200,4)
(5555500,4)
(9897900,4)
(10204800,4)
(9118400,4)
(3003200,4)
(2064600,4)
(8988200,4)
(9391800,4)
(8873500,4)
(9018900,4)
(9926100,4)
(3376600,4)
(8894600,4)
(2096900,4)
(795000,4)
(9303200,4)
(8883700,4)
(5666100,4)
(8960500,4)
(3400400,4)
(1334700,4)
(1555300,4)
(132100,4)
(1666900,4)
(5485800,4)
(2067200,4)
(1757000,4)
(4242400,4)
(4212000,4)
(1237800,4)
(2186300,4)
(933800,4)
(404700,4)
(2872000,4)
(9245300,4)
(5417700,4)
(2856000,4)
(9426000,4)
(4672400,4)
(9989000,4)
(4943100,4)
(7347800,4)
(3578600,4)
(2166100,4)
(4107000,4)
(9990000,4)
(1631400,4)
(3279700,4)
(4081900,4)
(4448800,4)
(5716100,4)
(8391300,4)
(7098400,4)
(8795500,4)
(1513000,4)
(6515000,4)
(4259100,4)
(4399400,4)
(2401000,4)
(1844100,4)
(3410500,4)
(4503000,4)
(6724800,4)
(8936300,4)
(3391700,4)
(9275600,4)
(1274600,4)
(7104900,4)
(6644400,4)
(9230900,4)
(7281500,4)
(1787200,4)
(532200,4)
(6561700,4)
(9718200,4)
(6892000,4)
(9374700,4)
(2559900,4)
(3181400,4)
(3361800,4)
(287100,4)
(2290000,4)
(9156600,4)
(6508700,4)
(9548700,4)
(1180500,4)
(4944800,4)
(7675000,4)
(1471900,4)
(6808500,4)
(8811400,4)
(1294300,4)
(1379900,4)
(630700,4)
(9441700,4)
(5416800,4)
(9128700,4)
(6562400,4)
(10362900,4)
(110000,4)
(1440000,4)
(507700,4)
(7106700,4)
(1683400,4)
(3009200,4)
(1082100,4)
(2468600,4)
(2771300,4)
(3085600,4)
(2747000,4)
(1737600,4)
(993500,4)
(2410700,4)
(3328700,4)
(6890100,4)
(5822900,4)
(8404000,4)
(117600,4)
(4112500,4)
(4214900,4)
(8375800,4)
(4181000,4)
(3368200,4)
(5747700,4)
(4800,4)
(550900,4)
(931200,4)
(11044200,4)
(6719100,4)
(2997000,4)
(9067000,4)
(640700,4)
(4440900,4)
(3554700,4)
(2778900,4)
(965300,4)
(1323000,4)
(2982600,4)
(4702900,4)
(10058100,4)
(7595000,4)
(5883100,4)
(4519000,4)
(4150400,4)
(8787200,4)
(3407500,4)
(256200,4)
(8732600,4)
(2063400,4)
(4534400,4)
(1698400,4)
(4174500,4)
(9213300,4)
(3393500,4)
(4186300,4)
(8264100,4)
(7431000,4)
(9185700,4)
(8953100,4)
(5388600,4)
(4475400,4)
(6791100,4)
(412300,4)
(5474100,4)
(1335200,4)
(5733500,4)
(2092700,4)
(867600,4)
(8894300,4)
(1425400,4)
(143100,4)
(1987200,4)
(5053000,4)
(9535100,4)
(7226600,4)
(5509900,4)
(4283300,4)
(9429400,4)
(234600,4)
(2903200,4)
(5735200,4)
(6551100,4)
(9432100,4)
(9150900,4)
(350500,4)
(1446000,4)
(9269400,4)
(2059500,4)
(6816500,4)
(5511600,4)
(10621200,4)
(8944800,4)
(3356300,4)
(4518800,4)
(7446500,4)
(2114300,4)
(9968200,4)
(1297100,4)
(4138700,4)
(1028400,4)
(9403500,4)
(8898500,4)
(5387000,4)
(1184600,4)
(2340500,4)
(512000,4)
(7098600,4)
(3375100,4)
(4393400,4)
(2486200,4)
(2604500,4)
(1424300,4)
(3204900,4)
(255900,4)
(8911700,4)
(9008600,4)
(58500,4)
(2305800,4)
(2124400,4)
(1741400,4)
(320100,4)
(824800,4)
(2255700,4)
(424600,4)
(2901500,4)
(7134100,4)
(3144400,4)
(1748200,4)
(6815100,4)
(1113600,4)
(1144000,4)
(1777600,4)
(1763600,4)
(4950900,4)
(2475800,4)
(5376300,4)
(1155300,4)
(9673000,4)
(8994000,4)
(3404600,4)
(1696200,4)
(6932700,4)
(1142000,4)
(930700,4)
(7043900,4)
(6723000,4)
(3763400,4)
(88600,4)
(2252500,4)
(10449000,4)
(1111600,4)
(9309500,4)
(4025600,4)
(2958500,4)
(3383900,4)
(4108500,4)
(9562900,4)
(1816300,4)
(1202000,4)
(8839900,4)
(6521500,4)
(4066500,4)
(3087200,4)
(7453100,4)
(1546800,4)
(5332600,4)
(9651200,4)
(1699900,4)
(961100,4)
(4973200,4)
(2719500,4)
(7150400,4)
(1202600,4)
(376100,4)
(4459500,4)
(9149100,4)
(10157400,4)
(9361000,4)
(6729900,4)
(2480700,4)
(8597100,4)
(6735200,4)
(9505200,4)
(281900,4)
(903000,4)
(921100,4)
(1456400,4)
(4183400,4)
(9850100,4)
(4564100,4)
(5981200,4)
(7676600,4)
(2809400,4)
(3563400,4)
(9914700,4)
(5734100,4)
(469600,4)
(4174400,4)
(4958300,4)
(4853600,4)
(4181500,4)
(2772600,4)
(110800,4)
(3905000,4)
(5798700,4)
(1742200,4)
(1503400,4)
(10271000,4)
(7142500,4)
(9483000,4)
(6862800,4)
(8900600,4)
(8304300,4)
(10638800,4)
(2045600,4)
(7039900,4)
(2103200,4)
(2272100,4)
(1685500,4)
(9158900,4)
(982000,4)
(5792200,4)
(6570900,4)
(118200,4)
(9582200,4)
(9451300,4)
(2329700,4)
(5397700,4)
(2049600,4)
(5010900,4)
(2867500,4)
(2377500,4)
(81200,4)
(4530200,4)
(6536300,4)
(2559600,4)
(8865500,4)
(868500,4)
(8989800,4)
(5470600,4)
(456800,4)
(1424900,4)
(1707100,4)
(9304200,4)
(3287400,4)
(615200,4)
(4701400,4)
(9250300,4)
(235500,4)
(1652400,4)
(2712400,4)
(226400,4)
(7221800,4)
(700600,4)
(9122000,4)
(8984300,4)
(4391500,4)
(732800,4)
(4115300,4)
(9594500,4)
(5795300,4)
(5551800,4)
(9988600,4)
(22400,4)
(150000,4)
(2256500,4)
(2621500,4)
(3455900,4)
(3221900,4)
(6706800,4)
(4144500,4)
(8822100,4)
(234500,4)
(6538700,4)
(3928700,4)
(9094600,4)
(3205400,4)
(4212800,4)
(7171500,4)
(5832600,4)
(1526100,4)
(8372400,4)
(375400,4)
(7253000,4)
(4013200,4)
(5721200,4)
(6619500,4)
(8469400,4)
(733800,4)
(8592700,4)
(267900,4)
(8720000,4)
(4440400,4)
(9329700,4)
(467100,4)
(3024100,4)
(8938800,4)
(4997600,4)
(2025300,4)
(2277300,4)
(3352900,4)
(3027100,4)
(8896200,4)
(2076600,4)
(6617500,4)
(4820200,4)
(5310900,4)
(10071600,4)
(5878000,4)
(4011000,4)
(1576900,4)
(10036500,4)
(3295300,4)
(7241100,4)
(7951000,4)
(9093000,4)
(1682900,4)
(1706500,4)
(3417800,4)
(9028600,4)
(9494000,4)
(67400,4)
(4859700,4)
(2107300,4)
(9312600,4)
(8342900,4)
(7807400,4)
(6907800,4)
(9559900,4)
(999200,4)
(4912100,4)
(2772400,4)
(8357500,4)
(3063100,4)
(6524900,4)
(9437700,4)
(2818800,4)
(7630100,4)
(1279000,4)
(232900,4)
(4175200,4)
(7443400,4)
(7813300,4)
(23100,4)
(6723200,4)
(8448700,4)
(1169400,4)
(5833600,4)
(9227600,4)
(117100,4)
(683000,4)
(61400,4)
(91600,4)
(1470500,4)
(6534900,4)
(9611600,4)
(5740000,4)
(3528600,4)
(1492900,4)
(10026600,4)
(1304100,4)
(4183800,4)
(1490300,4)
(6907200,4)
(3565500,4)
(9256500,4)
(8887500,4)
(4944900,4)
(1581400,4)
(6609100,4)
(9648300,4)
(1186000,4)
(1287600,4)
(3268200,4)
(9172700,4)
(2350700,4)
(9422200,4)
(8805100,4)
(715200,4)
(9692500,4)
(4187500,4)
(2386900,4)
(2362300,4)
(1936600,4)
(6733600,4)
(7574300,4)
(1948500,4)
(2772000,4)
(11021800,4)
(4117100,4)
(1071000,4)
(4122300,4)
(5987000,4)
(3151000,4)
(330100,4)
(616200,4)
(5518700,4)
(862300,4)
(6907700,4)
(1501400,4)
(4528700,4)
(1007400,4)
(6158200,4)
(3429500,4)
(9105800,4)
(7748700,4)
(2050400,4)
(10664000,4)
(10722800,4)
(10842100,4)
(7395600,4)
(8776800,4)
(7089000,4)
(9104500,4)
(493500,4)
(5846600,4)
(8869200,4)
(6598600,4)
(6708000,4)
(992100,4)
(464000,4)
(8830900,4)
(10745300,4)
(2772500,4)
(6886600,4)
(6905300,4)
(2320800,4)
(9133700,4)
(4275500,4)
(1337400,4)
(4179300,4)
(5725400,4)
(9778500,4)
(67700,4)
(5379600,4)
(2786200,4)
(997300,4)
(148900,4)
(7514900,4)
(3034300,4)
(28300,4)
(7876300,4)
(2359000,4)
(6627300,4)
(3031400,4)
(7062400,4)
(6553900,4)
(1027600,4)
(2031100,4)
(3433500,4)
(1155000,4)
(1290500,4)
(2117800,4)
(2642500,4)
(1718300,4)
(492100,4)
(144300,4)
(3502400,4)
(3266800,4)
(2246900,4)
(6615600,4)
(9154800,4)
(1739600,4)
(1671000,4)
(8318200,4)
(451400,4)
(7060000,4)
(5800700,4)
(9124600,4)
(5967700,4)
(9116600,4)
(2282800,4)
(8826000,4)
(2336100,4)
(9168100,4)
(4986400,4)
(1970300,4)
(9818200,4)
(4720000,4)
(3426800,4)
(9266000,4)
(7095900,4)
(9979700,4)
(6730000,4)
(8973000,4)
(2242700,4)
(7135500,4)
(9358600,4)
(3333900,4)
(2313100,4)
(6911800,4)
(1715700,4)
(8329800,4)
(783500,4)
(4665900,4)
(2127900,4)
(1431600,4)
(2367200,4)
(6830800,4)
(1637400,4)
(4181400,4)
(10129200,4)
(8947500,4)
(449100,4)
(4671500,4)
(5803600,4)
(10681600,4)
(9395500,4)
(150300,4)
(4198900,4)
(3347700,4)
(6938900,4)
(1062900,4)
(1114900,4)
(1926200,4)
(3104400,4)
(10311700,4)
(209000,4)
(1974500,4)
(2958200,4)
(4506500,4)
(403100,4)
(4441300,4)
(7068500,4)
(4214000,4)
(3310100,4)
(6785500,4)
(1104100,4)
(400700,4)
(4576900,4)
(3382200,4)
(4813700,4)
(5732500,4)
(4013600,4)
(3345100,4)
(5726500,4)
(9173300,4)
(6490100,4)
(1435100,4)
(5616300,4)
(4673800,4)
(1670600,4)
(8039500,4)
(3239400,4)
(3884400,4)
(5512000,4)
(6808900,4)
(1068000,4)
(667700,4)
(2596500,4)
(2995900,4)
(6884800,4)
(171000,4)
(4674900,4)
(1656000,4)
(1706700,4)
(1015600,4)
(4672800,4)
(3591000,4)
(265500,4)
(10591700,4)
(9230600,4)
(3595200,4)
(3352600,4)
(709800,4)
(1900800,4)
(5889700,4)
(9089200,4)
(3060900,4)
(4866500,4)
(6597700,4)
(8247600,4)
(6862600,4)
(2636500,4)
(8400500,4)
(9251700,4)
(9122400,4)
(9027500,4)
(6634800,4)
(1417000,4)
(3021400,4)
(3315600,4)
(10655600,4)
(2647000,4)
(6535100,4)
(3911000,4)
(9986700,4)
(172500,4)
(8035600,4)
(10342500,4)
(1030300,4)
(8996200,4)
(2050800,4)
(2906700,4)
(9410400,4)
(9534200,4)
(4688000,4)
(4048300,4)
(1271500,4)
(1008600,4)
(981200,4)
(983500,4)
(9035400,4)
(7570400,4)
(110600,4)
(9184400,4)
(9116700,4)
(1221800,4)
(3911300,4)
(7996600,4)
(1308100,4)
(9882100,4)
(4390800,4)
(3231100,4)
(9972700,4)
(5467600,4)
(2531700,4)
(1323300,4)
(5256300,4)
(466800,4)
(1775700,4)
(9874000,4)
(8597600,4)
(4223100,4)
(3913800,4)
(10207700,4)
(4847700,4)
(6515100,4)
(7033300,4)
(2793400,4)
(229400,4)
(431900,4)
(10271100,4)
(9302900,4)
(1233700,4)
(6205300,4)
(9217400,4)
(1331600,4)
(950300,4)
(1427000,4)
(4497700,4)
(9420500,4)
(3441300,4)
(8397000,4)
(1302600,4)
(9225000,4)
(6886800,4)
(1226700,4)
(6821000,4)
(3338500,4)
(8759000,4)
(633100,4)
(2347200,4)
(6705100,4)
(274000,4)
(6689800,4)
(9380800,4)
(4410800,4)
(894600,4)
(3347300,4)
(4821600,4)
(2125000,4)
(866600,4)
(1306100,4)
(2511400,4)
(1492000,4)
(3433200,4)
(4976800,4)
(10992200,4)
(5512200,4)
(3501800,4)
(8392000,4)
(8697700,4)
(6060200,4)
(1944000,4)
(2935000,4)
(6576200,4)
(8613600,4)
(1190600,4)
(6826700,4)
(4124100,4)
(617200,4)
(9128900,4)
(8915000,4)
(2463200,4)
(7260300,4)
(2303200,4)
(175200,4)
(3030800,4)
(9772800,4)
(6929600,4)
(3000800,4)
(4155400,4)
(5980000,4)
(6530000,4)
(4844000,4)
(2811400,4)
(3596200,4)
(9124400,4)
(2440900,4)
(4415100,4)
(406700,4)
(1977700,4)
(3475000,4)
(6843000,4)
(693200,4)
(3120300,4)
(3321200,4)
(8449100,4)
(1676000,4)
(1834000,4)
(8975600,4)
(3257200,4)
(3167900,4)
(218400,4)
(9289600,4)
(10140100,4)
(1965900,4)
(8013800,4)
(2824800,4)
(5472400,4)
(3114000,4)
(2433400,4)
(1163000,4)
(9092700,4)
(6858900,4)
(2055500,4)
(510200,4)
(3237900,4)
(2340100,4)
(2260400,4)
(8926800,4)
(165900,4)
(10053400,4)
(6686300,4)
(9661700,4)
(2143500,4)
(1682200,4)
(2421200,4)
(3156000,4)
(1384400,4)
(6778600,4)
(9833000,4)
(3485700,4)
(1534200,4)
(9536400,4)
(2900300,4)
(102900,4)
(69900,4)
(4860000,4)
(2678800,4)
(980000,4)
(8866200,4)
(957100,4)
(388300,4)
(2256900,4)
(10224200,4)
(10642100,4)
(1816200,4)
(4659200,4)
(3210400,4)
(9804600,4)
(5701300,4)
(1779200,4)
(3397300,4)
(6785000,4)
(5483000,4)
(9921400,4)
(287000,4)
(84500,4)
(6537700,4)
(2386200,4)
(8279300,4)
(2263200,4)
(1685700,4)
(2359900,4)
(9063500,4)
(1388400,4)
(3210900,4)
(8949200,4)
(3284500,4)
(5347700,4)
(5974000,4)
(9585500,4)
(8802700,4)
(5857300,4)
(9167900,4)
(6730800,4)
(76000,4)
(9219500,4)
(7459500,4)
(8894000,4)
(4296500,4)
(4219200,4)
(1683800,4)
(2084700,4)
(6896300,4)
(5523800,4)
(4000200,4)
(9440200,4)
(4276100,4)
(185500,4)
(2469200,4)
(1059100,4)
(9573200,4)
(3500500,4)
(8992900,4)
(5735400,4)
(1682400,4)
(5244300,4)
(9439400,4)
(343300,4)
(379700,4)
(9237800,4)
(2106300,4)
(9273500,4)
(6560500,4)
(1534500,4)
(9294900,4)
(933900,4)
(1380900,4)
(9163800,4)
(6934300,4)
(632300,4)
(6773400,4)
(5731900,4)
(301300,4)
(1613500,4)
(1841500,4)
(4908600,4)
(8853700,4)
(4040100,4)
(780200,4)
(4494900,4)
(448300,4)
(46700,4)
(1676800,4)
(4247100,4)
(3385700,4)
(3362500,4)
(2803200,4)
(9976900,4)
(8879600,4)
(10202100,4)
(2237800,4)
(1345500,4)
(2649100,4)
(5499000,4)
(9120000,4)
(8943400,4)
(2957100,4)
(2491900,4)
(1524100,4)
(7100100,4)
(247300,4)
(9435400,4)
(3201000,4)
(2460700,4)
(1235100,4)
(3240900,4)
(1460700,4)
(8109700,4)
(9716400,4)
(7071400,4)
(323100,4)
(6914500,4)
(3712100,4)
(4147700,4)
(3512800,4)
(7056100,4)
(2300100,4)
(4868500,4)
(70100,4)
(6787300,4)
(1827400,4)
(7283300,4)
(5987800,4)
(1014400,4)
(3115700,4)
(7146600,4)
(2262000,4)
(7263800,4)
(1520200,4)
(26500,4)
(1981700,4)
(9918400,4)
(3323100,4)
(2424300,4)
(4966800,4)
(5673800,4)
(1363800,4)
(10634600,4)
(998700,4)
(208100,4)
(483100,4)
(5982100,4)
(1710600,4)
(2897500,4)
(3278700,4)
(432000,4)
(9774000,4)
(2480300,4)
(1767100,4)
(7408200,4)
(6747200,4)
(3402500,4)
(2974500,4)
(4636600,4)
(6645100,4)
(1808600,4)
(737200,4)
(8835900,4)
(8739100,4)
(948500,4)
(1451100,4)
(7558900,4)
(2559400,4)
(1129200,4)
(2290700,4)
(4631000,4)
(2261700,4)
(1733500,4)
(622500,4)
(786500,4)
(7151900,4)
(4183100,4)
(6267500,4)
(8945100,4)
(4677500,4)
(7674400,4)
(271200,4)
(1264400,4)
(1020300,4)
(6712600,4)
(1300100,4)
(9814400,4)
(8441000,4)
(9161500,4)
(610300,4)
(1538600,4)
(9102800,4)
(1232900,4)
(611100,4)
(4795900,4)
(638500,4)
(2145300,4)
(1656700,4)
(3595900,4)
(8833500,4)
(4678800,4)
(3624400,4)
(9002000,4)
(4864700,4)
(10289900,4)
(1515600,4)
(6712100,4)
(8865400,4)
(909900,4)
(263200,4)
(4514800,4)
(4105300,4)
(9426500,4)
(9919200,4)
(2768700,4)
(4056200,4)
(8764500,4)
(1624400,4)
(10696600,4)
(3369200,4)
(441200,4)
(3394800,4)
(5804300,4)
(8858900,4)
(2055400,4)
(10732200,4)
(2438400,4)
(9189700,4)
(285800,4)
(1014800,4)
(918000,4)
(9850500,4)
(1862500,4)
(1501700,4)
(4850400,4)
(3463800,4)
(4561600,4)
(5381000,4)
(1519000,4)
(3480000,4)
(1305300,4)
(9371400,4)
(4217300,4)
(2073700,4)
(7135200,4)
(646700,4)
(4974400,4)
(4994200,4)
(718400,4)
(1691400,4)
(2432200,4)
(9063200,4)
(7502000,4)
(8816100,4)
(728800,4)
(10099300,4)
(9799200,4)
(10542300,4)
(5925200,4)
(8923800,4)
(4534300,4)
(6738300,4)
(1195700,4)
(6865000,4)
(9747300,4)
(3255100,4)
(3885800,4)
(392600,4)
(1041700,4)
(2970900,4)
(6694500,4)
(5551000,4)
(5741800,4)
(615300,4)
(603800,4)
(10624900,4)
(7396100,4)
(493600,4)
(594700,4)
(3236100,4)
(6186700,4)
(8816500,4)
(4856100,4)
(9412100,4)
(8838600,4)
(9757800,4)
(3592900,4)
(7419300,4)
(3217000,4)
(1027700,4)
(9022000,4)
(9556400,4)
(7133900,4)
(2693800,4)
(8320900,4)
(5335700,4)
(9105100,4)
(5949100,4)
(2293600,4)
(558300,4)
(3051600,4)
(9414300,4)
(10189500,4)
(5588100,4)
(6772400,4)
(2997600,4)
(6521800,4)
(6507600,4)
(1780200,4)
(2393300,4)
(1863600,4)
(229100,4)
(9110900,4)
(8352800,4)
(6804800,4)
(4442400,4)
(5479800,4)
(678100,4)
(5334100,4)
(9576900,4)
(675900,4)
(6618900,4)
(2253400,4)
(4106900,4)
(4180500,4)
(7230800,4)
(1943800,4)
(1115800,4)
(2436800,4)
(3589500,4)
(19100,4)
(4172300,4)
(9146200,4)
(1190100,4)
(451300,4)
(5904900,4)
(384900,4)
(9469200,4)
(4224400,4)
(9347300,4)
(5963700,4)
(1955400,4)
(6644700,4)
(10081200,4)
(1738000,4)
(9133300,4)
(9980900,4)
(598600,4)
(8905300,4)
(8022700,4)
(2047000,4)
(5706800,4)
(3893900,4)
(293900,4)
(4688500,4)
(183400,4)
(4147900,4)
(9254700,4)
(9389400,4)
(3927600,4)
(1520700,4)
(5733300,4)
(5385000,4)
(7326000,4)
(3955000,4)
(642100,4)
(424000,4)
(2783600,4)
(1446700,4)
(8313600,4)
(2387100,4)
(3453200,4)
(9126700,4)
(9427600,4)
(1522900,4)
(2285900,4)
(9036600,4)
(1437700,4)
(6758100,4)
(4666700,4)
(9208300,4)
(33200,4)
(10631500,4)
(7601200,4)
(8271600,4)
(1434300,4)
(948700,4)
(208900,4)
(9555300,4)
(2487300,4)
(7118800,4)
(230800,4)
(10511600,4)
(6789200,4)
(5888500,4)
(6810200,4)
(1352400,4)
(4945800,4)
(406000,4)
(9981200,4)
(1950000,4)
(852700,4)
(1722100,4)
(4141200,4)
(7803000,4)
(9447600,4)
(1686900,4)
(8664200,4)
(139900,4)
(4154600,4)
(8783900,4)
(5876600,4)
(1709400,4)
(1606700,4)
(1584700,4)
(3330600,4)
(1675200,4)
(379400,4)
(8812700,4)
(6857200,4)
(9518200,4)
(4185300,4)
(3494400,4)
(8896700,4)
(2488900,4)
(4091000,4)
(4703900,4)
(4691500,4)
(1882600,4)
(6563600,4)
(2603200,4)
(4892600,4)
(7142400,4)
(3367000,4)
(9693400,4)
(1585100,4)
(931000,4)
(8897200,4)
(1294700,4)
(3593100,4)
(4136700,4)
(9768800,4)
(6764500,4)
(1230800,4)
(2111500,4)
(4716100,4)
(8917800,4)
(2330900,4)
(6825300,4)
(3672600,4)
(10644400,4)
(2907100,4)
(1393500,4)
(3533600,4)
(4526600,4)
(4982500,4)
(5598000,4)
(8948700,4)
(1068400,4)
(6626800,4)
(9142100,4)
(924200,4)
(1067000,4)
(10663400,4)
(1838800,4)
(1441800,4)
(9410500,4)
(411500,4)
(1526600,4)
(5913400,4)
(566300,4)
(10332500,4)
(7384100,4)
(2835000,4)
(9131700,4)
(2068200,4)
(2829100,4)
(4073400,4)
(1357200,4)
(5828100,4)
(7546300,4)
(9303300,4)
(4552300,4)
(3355300,4)
(130300,4)
(262700,4)
(3355600,4)
(6860000,4)
(4207500,4)
(9250600,4)
(435900,4)
(897400,4)
(2116200,4)
(1757400,4)
(5510300,4)
(2648500,4)
(6625600,4)
(6801500,4)
(8748500,4)
(9341300,4)
(7534200,4)
(4276200,4)
(2486100,4)
(1167100,4)
(6787000,4)
(4649400,4)
(8535200,4)
(1832400,4)
(794900,4)
(3556900,4)
(4474700,4)
(7150800,4)
(6727600,4)
(3087800,4)
(6999100,4)
(976700,4)
(9394000,4)
(1436900,4)
(6520000,4)
(9164100,4)
(6623800,4)
(8999200,4)
(1794700,4)
(8802400,4)
(9914200,4)
(9047900,4)
(503300,4)
(6587800,4)
(6773700,4)
(9199500,4)
(2963200,4)
(4527200,4)
(6805200,4)
(2511800,4)
(2486000,4)
(1170600,4)
(4289300,4)
(8560700,4)
(8836900,4)
(10017100,4)
(3172500,4)
(10978500,4)
(9425900,4)
(5823900,4)
(2900900,4)
(2186400,4)
(746700,4)
(1338500,4)
(1700200,4)
(3407800,4)
(4422500,4)
(8636500,4)
(556600,4)
(6737200,4)
(4827000,4)
(482400,4)
(7602800,4)
(8736300,4)
(4835000,4)
(10196400,4)
(6738000,4)
(1497800,4)
(573000,4)
(6549000,4)
(1565100,4)
(176000,4)
(4997800,4)
(10104200,4)
(1977800,4)
(287500,4)
(9228600,4)
(2565000,4)
(1353000,4)
(2959700,4)
(3918900,4)
(7540000,4)
(999500,4)
(6699800,4)
(4009100,4)
(76500,4)
(1130000,4)
(1027000,4)
(6744600,4)
(9514300,4)
(10649100,4)
(9795600,4)
(2510700,4)
(2792900,4)
(10180200,4)
(2304000,4)
(9299900,4)
(9358400,4)
(276800,4)
(1627300,4)
(105600,4)
(9296800,4)
(213900,4)
(685300,4)
(1445700,4)
(2138200,4)
(2640600,4)
(6523300,4)
(3405000,4)
(2114000,4)
(3482700,4)
(2056300,4)
(7504200,4)
(7253100,4)
(4023900,4)
(6637000,4)
(3502300,4)
(1452900,4)
(2689500,4)
(9185800,4)
(9067200,4)
(6861600,4)
(4555500,4)
(410800,4)
(285200,4)
(5062200,4)
(6705800,4)
(7395000,4)
(1049500,4)
(4561300,4)
(9824500,4)
(3006100,4)
(9273300,4)
(5042300,4)
(994000,4)
(4897900,4)
(41500,4)
(2125200,4)
(6530400,4)
(10660600,4)
(2080200,4)
(3247200,4)
(737000,4)
(622600,4)
(9509700,4)
(1479800,4)
(2058100,4)
(3516300,4)
(1039600,4)
(4503600,4)
(1646000,4)
(6772000,4)
(9983700,4)
(9892700,4)
(4176000,4)
(969600,4)
(5888900,4)
(1904900,4)
(2162800,4)
(1234200,4)
(6754300,4)
(3984300,4)
(4869900,4)
(9423100,4)
(646900,4)
(132200,4)
(3329400,4)
(10642400,4)
(1613900,4)
(3500800,4)
(4835100,4)
(1907100,4)
(9439000,4)
(2557800,4)
(4557000,4)
(14700,4)
(1372200,4)
(8823900,4)
(9437800,4)
(6511500,4)
(9169600,4)
(10344600,4)
(40900,4)
(4676900,4)
(2968600,4)
(2962200,4)
(9477200,4)
(5587900,4)
(2292300,4)
(1809000,4)
(219400,4)
(9777400,4)
(4569500,4)
(1683900,4)
(2667600,4)
(1334200,4)
(1601400,4)
(3560900,4)
(7814100,4)
(6562700,4)
(4940900,4)
(6914600,4)
(611400,4)
(8933600,4)
(6885100,4)
(8317600,4)
(9249100,4)
(1298100,4)
(1686800,4)
(1747400,4)
(2022500,4)
(5416200,4)
(4510800,4)
(6733400,4)
(397400,4)
(4180800,4)
(7119400,4)
(2966100,4)
(6550200,4)
(7378000,4)
(620200,4)
(4000100,4)
(5388900,4)
(2639600,4)
(1347100,4)
(4719100,4)
(3086300,4)
(3898600,4)
(5979000,4)
(9140800,4)
(3652100,4)
(1334800,4)
(9819300,4)
(651400,4)
(5746600,4)
(3109400,4)
(5702300,4)
(8889900,4)
(1984500,4)
(1217300,4)
(7103700,4)
(1433100,4)
(3161200,4)
(3390500,4)
(3346200,4)
(7584900,4)
(5668700,4)
(9945900,4)
(1171900,4)
(4962700,4)
(905700,4)
(4876300,4)
(1768200,4)
(299500,4)
(6646900,4)
(8888200,4)
(212700,4)
(8853100,4)
(5370400,4)
(956000,4)
(5475800,4)
(1645400,4)
(2242900,4)
(3114100,4)
(5895400,4)
(3348200,4)
(3094700,4)
(1812400,4)
(9292600,4)
(8973200,4)
(8826400,4)
(6728100,4)
(77000,4)
(9331600,4)
(6860100,4)
(3429600,4)
(982500,4)
(1303800,4)
(2905300,4)
(3512000,4)
(10132500,4)
(3509300,4)
(1572600,4)
(1662900,4)
(8897700,4)
(8782700,4)
(9247200,4)
(1927600,4)
(1119100,4)
(1700700,4)
(1305900,4)
(7379400,4)
(6813300,4)
(4874500,4)
(715900,4)
(4954200,4)
(675700,4)
(7122600,4)
(9079400,4)
(6746700,4)
(9165100,4)
(9139200,4)
(9438800,4)
(9303100,4)
(4954000,4)
(5517800,4)
(10630000,4)
(4076500,4)
(1116700,4)
(1487800,4)
(4946600,4)
(1402000,4)
(2831600,4)
(5517100,4)
(9497700,4)
(5030100,4)
(9395600,4)
(10177800,4)
(3231500,4)
(6938200,4)
(6539600,4)
(9854800,4)
(4129900,4)
(8475300,4)
(3886900,4)
(2164500,4)
(7611200,4)
(7282300,4)
(4877900,4)
(3170800,4)
(9411200,4)
(3265300,4)
(2100800,4)
(1016200,4)
(3246700,4)
(2347300,4)
(4954600,4)
(9297900,4)
(1172800,4)
(8922800,4)
(2766300,4)
(4586700,4)
(9286400,4)
(196300,4)
(2242500,4)
(7602400,4)
(1809300,4)
(9338400,4)
(2166700,4)
(4983000,4)
(2188600,4)
(5025400,4)
(3683400,4)
(2098400,4)
(384100,4)
(3508300,4)
(2772300,4)
(1039800,4)
(1533400,4)
(10257700,4)
(1372100,4)
(4224600,4)
(3907800,4)
(5675100,4)
(546200,4)
(9736000,4)
(1858100,4)
(9613900,4)
(5884700,4)
(9041800,4)
(2432100,4)
(7109900,4)
(5057900,4)
(6772800,4)
(10333200,4)
(6608600,4)
(680300,4)
(2337400,4)
(9099200,4)
(5456300,4)
(9530800,4)
(9788400,4)
(7055600,4)
(1327200,4)
(5742600,4)
(9232200,4)
(3265600,4)
(4139800,4)
(1723200,4)
(4181700,4)
(6724000,4)
(993700,4)
(5556300,4)
(7136700,4)
(3422900,4)
(2507200,4)
(1278500,4)
(1902300,4)
(6571200,4)
(7999300,4)
(981100,4)
(660900,4)
(2493600,4)
(5001800,4)
(930500,4)
(8603600,4)
(9787300,4)
(651600,4)
(8793900,4)
(83500,4)
(8777700,4)
(1319100,4)
(1100000,4)
(2462400,4)
(7327700,4)
(3786400,4)
(3164000,4)
(3141100,4)
(5869900,4)
(9209200,4)
(1531100,4)
(4014700,4)
(2095800,4)
(397600,4)
(2793500,4)
(1035000,4)
(439700,4)
(2922000,4)
(10413900,4)
(7584300,4)
(69700,4)
(2362900,4)
(2179300,4)
(5933900,4)
(4126900,4)
(2765400,4)
(4625300,4)
(288500,4)
(736000,4)
(6771800,4)
(9811600,4)
(6720600,4)
(9384100,4)
(10022800,4)
(238200,4)
(306500,4)
(954600,4)
(7259800,4)
(1454700,4)
(5734800,4)
(8988900,4)
(1000300,4)
(10256800,4)
(4656300,4)
(2367900,4)
(8305900,4)
(3171100,4)
(2106400,4)
(3912500,4)
(2251300,4)
(766700,4)
(2376500,4)
(631100,4)
(3402300,4)
(10433200,4)
(9387200,4)
(5964400,4)
(8573500,4)
(10198500,4)
(9506000,4)
(1140700,4)
(8255300,4)
(9252000,4)
(2477500,4)
(2492500,4)
(121000,4)
(1881500,4)
(7196200,4)
(141900,4)
(2078200,4)
(1385900,4)
(8795400,4)
(9048400,4)
(8303900,4)
(443100,4)
(4225800,4)
(3278100,4)
(8270400,4)
(1424000,4)
(3224400,4)
(274500,4)
(6741600,4)
(6895000,4)
(1922700,4)
(7513500,4)
(727300,4)
(10331800,4)
(9972100,4)
(240400,4)
(7254600,4)
(4449400,4)
(1709900,4)
(6732800,4)
(373800,4)
(958400,4)
(73400,4)
(2334000,4)
(117400,4)
(8803700,4)
(4131800,4)
(6632400,4)
(951000,4)
(10677800,4)
(3503300,4)
(8818300,4)
(9202900,4)
(106400,4)
(2683800,4)
(8325600,4)
(1278600,4)
(9152100,4)
(3385600,4)
(9269200,4)
(2807700,4)
(1145000,4)
(7414500,4)
(4090500,4)
(88500,4)
(7044700,4)
(7113600,4)
(6754400,4)
(10262200,4)
(2948600,4)
(8796900,4)
(2334300,4)
(3388000,4)
(9322000,4)
(7398000,4)
(5412600,4)
(2539200,4)
(9368800,4)
(321200,4)
(6808300,4)
(6554300,4)
(6636100,4)
(2795500,4)
(5000000,4)
(7323900,4)
(997100,4)
(1944800,4)
(5332100,4)
(10073700,4)
(76400,4)
(8855700,4)
(3180000,4)
(8803500,4)
(4076700,4)
(4194900,4)
(6939100,4)
(4115800,4)
(3321100,4)
(6797400,4)
(9241400,4)
(5949900,4)
(681200,4)
(9865100,4)
(126200,4)
(1145200,4)
(7512200,4)
(8785200,4)
(6885200,4)
(4826900,4)
(1740200,4)
(7063200,4)
(10091900,4)
(6855400,4)
(2707100,4)
(2247300,4)
(6803900,4)
(200,4)
(5951800,4)
(4058900,4)
(1917800,4)
(2452300,4)
(1020800,4)
(6515300,4)
(6609000,4)
(9994100,4)
(4156900,4)
(8838500,4)
(7263300,4)
(2251400,4)
(6746300,4)
(10217500,4)
(6696000,4)
(1756300,4)
(787700,4)
(3032200,4)
(10188500,4)
(8602800,4)
(6750500,4)
(2428200,4)
(9288300,4)
(3042100,4)
(3317000,4)
(8822400,4)
(2296700,4)
(4816500,4)
(3000,4)
(8930700,4)
(1820500,4)
(1217900,4)
(6614000,4)
(2325000,4)
(235300,4)
(6554400,4)
(2135800,4)
(1774700,4)
(3117500,4)
(7943600,4)
(5029100,4)
(4502800,4)
(7553600,4)
(674500,4)
(6914100,4)
(1724500,4)
(9649500,4)
(675500,4)
(2068600,4)
(3006300,4)
(3343300,4)
(237900,4)
(1749200,4)
(3058500,4)
(567000,4)
(740900,4)
(10050500,4)
(10753500,4)
(1295000,4)
(9375500,4)
(5578300,4)
(5051300,4)
(1337700,4)
(700900,4)
(2110400,4)
(4155300,4)
(9283900,4)
(2179600,4)
(10140600,4)
(10179500,4)
(10686100,4)
(2656900,4)
(7447200,4)
(5567200,4)
(8362200,4)
(2266500,4)
(6722000,4)
(5377000,4)
(3439200,4)
(4579500,4)
(4240700,4)
(1210900,4)
(2699400,4)
(154900,4)
(4489600,4)
(310300,4)
(4531600,4)
(9879300,4)
(6782200,4)
(6615400,4)
(7115800,4)
(6820400,4)
(1415700,4)
(9423400,4)
(1535600,4)
(8827900,4)
(2816800,4)
(8814600,4)
(705200,4)
(4001200,4)
(4996200,4)
(7061600,4)
(3919200,4)
(9046400,4)
(6890000,4)
(4229000,4)
(9036400,4)
(9500100,4)
(1015800,4)
(2253900,4)
(10459700,4)
(3255800,4)
(1146100,4)
(3584600,4)
(7053600,4)
(1749900,4)
(281300,4)
(9376300,4)
(10608100,4)
(2166800,4)
(7399500,4)
(9012100,4)
(5031500,4)
(4216600,4)
(4523100,4)
(9109400,4)
(2690000,4)
(9151100,4)
(3358300,4)
(5407600,4)
(655300,4)
(2044700,4)
(9283300,4)
(4684400,4)
(2472500,4)
(10746300,4)
(6889600,4)
(5015600,4)
(6581800,4)
(4415600,4)
(6820100,4)
(9162000,4)
(146300,4)
(9470700,4)
(9113300,4)
(4787900,4)
(5343300,4)
(3117400,4)
(6534300,4)
(3293100,4)
(1579600,4)
(2061400,4)
(130700,4)
(210500,4)
(5357000,4)
(7098800,4)
(585100,4)
(1705700,4)
(645900,4)
(7562600,4)
(6754900,4)
(2562800,4)
(2087200,4)
(1372000,4)
(4323600,4)
(8979800,4)
(3015900,4)
(7099400,4)
(3206000,4)
(3277300,4)
(4797800,4)
(6789900,4)
(2710700,4)
(9086000,4)
(4821500,4)
(2433000,4)
(1659800,4)
(3437400,4)
(7072100,4)
(1968000,4)
(9371700,4)
(3848700,4)
(2062500,4)
(1725600,4)
(4138300,4)
(6573600,4)
(3453500,4)
(4870000,4)
(1530100,4)
(3375500,4)
(10999600,4)
(3213300,4)
(5745400,4)
(3585200,4)
(9370000,4)
(7615400,4)
(9453900,4)
(6562600,4)
(1638600,4)
(8411700,4)
(1548000,4)
(6407700,4)
(7119000,4)
(6907500,4)
(5366600,4)
(4332800,4)
(1812900,4)
(9132600,4)
(7226400,4)
(8893800,4)
(85700,4)
(10660100,4)
(8879100,4)
(6581300,4)
(3001200,4)
(1437000,4)
(2172000,4)
(5963400,4)
(3902200,4)
(9506800,4)
(974500,4)
(5595300,4)
(1454800,4)
(1200700,4)
(7119200,4)
(8812300,4)
(8830700,4)
(9322800,4)
(6543800,4)
(8792600,4)
(2507000,4)
(5766700,4)
(2655200,4)
(66000,4)
(5363100,4)
(7227600,4)
(177700,4)
(1781600,4)
(79200,4)
(9511700,4)
(9018400,4)
(920800,4)
(9125100,4)
(9453600,4)
(699900,4)
(9112800,4)
(3239300,4)
(5332300,4)
(2496400,4)
(8594900,4)
(2845200,4)
(2238300,4)
(3001400,4)
(1280200,4)
(9825900,4)
(592600,4)
(8258600,4)
(1037200,4)
(9257200,4)
(6597100,4)
(4142200,4)
(4787400,4)
(5892000,4)
(6600000,4)
(1742900,4)
(1218600,4)
(8618400,4)
(746300,4)
(415800,4)
(1293100,4)
(182300,4)
(1569300,4)
(2006100,4)
(4469800,4)
(2981800,4)
(3682400,4)
(2764000,4)
(5731600,4)
(561200,4)
(5743000,4)
(8299600,4)
(2517400,4)
(2272900,4)
(2982400,4)
(9117500,4)
(1619600,4)
(1950200,4)
(4973400,4)
(6740500,4)
(9533100,4)
(5407700,4)
(9952300,4)
(4233600,4)
(2238000,4)
(4409900,4)
(1830800,4)
(6685900,4)
(5363700,4)
(871600,4)
(1959900,4)
(8263900,4)
(9042000,4)
(2118100,4)
(5801800,4)
(6865700,4)
(7453500,4)
(9315800,4)
(1175200,4)
(9385700,4)
(2813400,4)
(5564300,4)
(1695500,4)
(3050300,4)
(1586700,4)
(6509500,4)
(9362000,4)
(4187200,4)
(9310800,4)
(7101300,4)
(3339200,4)
(1866800,4)
(6603800,4)
(5660700,4)
(9174900,4)
(9576500,4)
(5061100,4)
(4931300,4)
(3193200,4)
(904600,4)
(2206400,4)
(4280300,4)
(2163200,4)
(6689100,4)
(10337100,4)
(4498500,4)
(1122000,4)
(1742400,4)
(6618300,4)
(10694000,4)
(141400,4)
(4178400,4)
(3528100,4)
(9140900,4)
(2963300,4)
(7296400,4)
(9298400,4)
(5396900,4)
(647100,4)
(1425200,4)
(10090100,4)
(8899100,4)
(3665500,4)
(8996800,4)
(7095100,4)
(9752200,4)
(3118900,4)
(6685400,4)
(2560200,4)
(8401600,4)
(431100,4)
(8289800,4)
(8107000,4)
(3192900,4)
(9557300,4)
(8831400,4)
(3182900,4)
(7609100,4)
(2356000,4)
(4255900,4)
(6800200,4)
(959600,4)
(2957500,4)
(6918900,4)
(3470400,4)
(1861100,4)
(1675700,4)
(6742000,4)
(5813400,4)
(879700,4)
(6716300,4)
(1451900,4)
(2529100,4)
(7377500,4)
(1483900,4)
(7504800,4)
(208400,4)
(9655300,4)
(9061200,4)
(7821200,4)
(3103000,4)
(1735100,4)
(5944700,4)
(5834900,4)
(10534600,4)
(5252400,4)
(5048100,4)
(8551800,4)
(6687400,4)
(2466700,4)
(4245600,4)
(4913900,4)
(4388800,4)
(8255200,4)
(9160600,4)
(8869500,4)
(5468000,4)
(4980300,4)
(2073000,4)
(2960900,4)
(9865400,4)
(978800,4)
(5488300,4)
(2303400,4)
(6710100,4)
(926100,4)
(6692400,4)
(6885000,4)
(2206100,4)
(9074700,4)
(4241100,4)
(1303100,4)
(7494900,4)
(3368000,4)
(983100,4)
(9977300,4)
(746100,4)
(3570300,4)
(211800,4)
(346700,4)
(4688900,4)
(5962900,4)
(8475800,4)
(238600,4)
(1575000,4)
(246900,4)
(2934600,4)
(8445400,4)
(3379700,4)
(1704400,4)
(5269400,4)
(9434200,4)
(1866700,4)
(4159800,4)
(9537400,4)
(4218700,4)
(1814800,4)
(8878600,4)
(227500,4)
(4085200,4)
(9498300,4)
(731700,4)
(9972200,4)
(142600,4)
(9007300,4)
(5521300,4)
(8996600,4)
(2699900,4)
(9842500,4)
(4391600,4)
(4210000,4)
(196900,4)
(940100,4)
(4121700,4)
(114200,4)
(7071100,4)
(1659700,4)
(5371300,4)
(5886200,4)
(1286200,4)
(1312900,4)
(5466700,4)
(4021500,4)
(4502200,4)
(9622100,4)
(8269100,4)
(9439700,4)
(5950700,4)
(151700,4)
(7120700,4)
(6983300,4)
(8808900,4)
(9333500,4)
(10112100,4)
(2767600,4)
(7562900,4)
(1100800,4)
(1668800,4)
(1074300,4)
(672700,4)
(2144700,4)
(9099000,4)
(3666200,4)
(4474500,4)
(6774200,4)
(1580100,4)
(4195000,4)
(3031800,4)
(9923200,4)
(1589900,4)
(9674300,4)
(473800,4)
(2085000,4)
(971000,4)
(1929400,4)
(2775500,4)
(8861300,4)
(3669800,4)
(3568900,4)
(8102700,4)
(4226200,4)
(2127200,4)
(7409500,4)
(8224600,4)
(2082300,4)
(5762200,4)
(3513100,4)
(1640800,4)
(7046000,4)
(9191400,4)
(5381200,4)
(3238200,4)
(115500,4)
(9006100,4)
(2838800,4)
(1160000,4)
(2649800,4)
(3404500,4)
(682600,4)
(6938100,4)
(7062800,4)
(343200,4)
(1370000,4)
(4004800,4)
(1530200,4)
(1322000,4)
(223000,4)
(4941100,4)
(1539100,4)
(6713400,4)
(2069300,4)
(2414200,4)
(9472400,4)
(8427800,4)
(4476600,4)
(6548600,4)
(1681900,4)
(5727600,4)
(6887600,4)
(3219700,4)
(5887400,4)
(4186200,4)
(1684800,4)
(6645500,4)
(10209400,4)
(544600,4)
(4112400,4)
(930200,4)
(4502700,4)
(4569400,4)
(3027500,4)
(4007800,4)
(7492400,4)
(9167000,4)
(1891300,4)
(3508200,4)
(9901500,4)
(5500100,4)
(4215900,4)
(2111400,4)
(1881200,4)
(10129100,4)
(1359500,4)
(927700,4)
(3117600,4)
(6698200,4)
(2504200,4)
(6517400,4)
(2090100,4)
(5728100,4)
(5412100,4)
(6877400,4)
(2238900,4)
(10232600,4)
(8951100,4)
(1854100,4)
(3930100,4)
(8460100,4)
(7432300,4)
(9925600,4)
(4869000,4)
(9825600,4)
(2137000,4)
(7588200,4)
(2966200,4)
(6555300,4)
(10436600,4)
(4565100,4)
(2470900,4)
(3937000,4)
(9733200,4)
(2485700,4)
(462200,4)
(3360800,4)
(7049700,4)
(9388800,4)
(9060600,4)
(848800,4)
(1868700,4)
(999100,4)
(8943000,4)
(1198800,4)
(4527900,4)
(9666000,4)
(10203000,4)
(3123200,4)
(3239500,4)
(1685600,4)
(1515500,4)
(9501100,4)
(5615100,4)
(1190800,4)
(2620200,4)
(2762300,4)
(1510000,4)
(855200,4)
(3430700,4)
(9369700,4)
(9201300,4)
(9876100,4)
(632200,4)
(1226500,4)
(9172800,4)
(9258600,4)
(5745800,4)
(4940700,4)
(9583300,4)
(4706200,4)
(2494300,4)
(1351300,4)
(4625900,4)
(5474700,4)
(774400,4)
(641000,4)
(3114700,4)
(8299300,4)
(1544300,4)
(3410900,4)
(1978400,4)
(556200,4)
(3470800,4)
(9605500,4)
(1124300,4)
(670200,4)
(7576400,4)
(6809200,4)
(6798600,4)
(1215700,4)
(4411100,4)
(10742800,4)
(9302700,4)
(2119400,4)
(1741300,4)
(3652200,4)
(9744100,4)
(4896900,4)
(4835200,4)
(5006400,4)
(9976200,4)
(9074100,4)
(1175500,4)
(9780300,4)
(1539000,4)
(2710900,4)
(1041100,4)
(8621500,4)
(4076800,4)
(429300,4)
(6890700,4)
(9707000,4)
(3184300,4)
(5603300,4)
(947400,4)
(3142900,4)
(177800,4)
(4732900,4)
(2057900,4)
(3112400,4)
(1438000,4)
(2360500,4)
(1947400,4)
(135700,4)
(8925400,4)
(3299300,4)
(3318100,4)
(9974300,4)
(4846300,4)
(10411700,4)
(1081300,4)
(476600,4)
(9161200,4)
(6726400,4)
(3169800,4)
(3133600,4)
(3402800,4)
(6554500,4)
(394300,4)
(661900,4)
(6700500,4)
(4523600,4)
(8837000,4)
(2316900,4)
(4686600,4)
(650000,4)
(4981600,4)
(5983000,4)
(6731800,4)
(6882700,4)
(4550500,4)
(9334800,4)
(4329500,4)
(4180300,4)
(9604800,4)
(1156000,4)
(4991200,4)
(9683000,4)
